1,55.944425,-3.188396,55.944143092213764,-3.1882933939570024
2,55.944143092213764,-3.1882933939570024,55.94388328459263,-3.1881433939570023
3,55.94388328459263,-3.1881433939570023,55.94360137680639,-3.1880407879140047,scare.cubs.resort
4,55.94360137680639,-3.1880407879140047,55.943408540523485,-3.1882706012469404
5,55.943408540523485,-3.1882706012469404,55.94321570424058,-3.188500414579876,groups.ideas.script
6,55.94321570424058,-3.188500414579876,55.94311309819758,-3.188782322366112
7,55.94311309819758,-3.188782322366112,55.943061003744276,-3.1890777646920156,region.passes.pencil
8,55.943061003744276,-3.1890777646920156,55.94329081707721,-3.1892706009749214
9,55.94329081707721,-3.1892706009749214,55.94352063041015,-3.189463437257827,cars.attend.hotels
10,55.94352063041015,-3.189463437257827,55.94378043803128,-3.1896134372578273
11,55.94378043803128,-3.1896134372578273,55.94404024565242,-3.1897634372578274,cliff.asleep.wedge
12,55.94404024565242,-3.1897634372578274,55.94404024565242,-3.1900634372578276
13,55.94404024565242,-3.1900634372578276,55.943988151199115,-3.1903588795837314,pump.wheels.hulk
14,55.943988151199115,-3.1903588795837314,55.943706243412876,-3.190256273540734
15,55.943706243412876,-3.190256273540734,55.94341080108697,-3.190204179087434,arts.dish.scarcely
16,55.94341080108697,-3.190204179087434,55.94341080108697,-3.190504179087434
17,55.94341080108697,-3.190504179087434,55.94341080108697,-3.190804179087434
18,55.94341080108697,-3.190804179087434,55.94335870663367,-3.191099621413338,meal.feed.large
19,55.94335870663367,-3.191099621413338,55.94365870663367,-3.191099621413338
20,55.94365870663367,-3.191099621413338,55.94395870663367,-3.191099621413338
21,55.94395870663367,-3.191099621413338,55.944258706633676,-3.191099621413338,paying.crowd.weep
22,55.944258706633676,-3.191099621413338,55.94455414895958,-3.191047526960038
23,55.94455414895958,-3.191047526960038,55.944854148959585,-3.191047526960038
24,55.944854148959585,-3.191047526960038,55.94514959128549,-3.190995432506738,maple.limit.hotels
25,55.94514959128549,-3.190995432506738,55.94540939890663,-3.191145432506738
26,55.94540939890663,-3.191145432506738,55.94566920652776,-3.191295432506738,skins.engage.best
27,55.94566920652776,-3.191295432506738,55.94540939890663,-3.1914454325067383
28,55.94540939890663,-3.1914454325067383,55.94517958557369,-3.191638268789644,hills.feels.tunes
29,55.94517958557369,-3.191638268789644,55.94512749112039,-3.191933711115548
30,55.94512749112039,-3.191933711115548,55.94512749112039,-3.192233711115548,useful.hike.trades
31,55.94512749112039,-3.192233711115548,55.94540939890663,-3.1921311050725505
32,55.94540939890663,-3.1921311050725505,55.945691306692865,-3.192028499029553
33,55.945691306692865,-3.192028499029553,55.945951114314,-3.191878499029553,stone.undulation.poems
34,55.945951114314,-3.191878499029553,55.945848508271,-3.191596591243317
35,55.945848508271,-3.191596591243317,55.945745902228,-3.1913146834570814
36,55.945745902228,-3.1913146834570814,55.945643296185,-3.1910327756708456
37,55.945643296185,-3.1910327756708456,55.945540690141996,-3.19075086788461
38,55.945540690141996,-3.19075086788461,55.945390690142,-3.1904910602634744,jump.crop.fits
39,55.945390690142,-3.1904910602634744,55.945620503474935,-3.1902982239805686
40,55.945620503474935,-3.1902982239805686,55.94585031680787,-3.190105387697663
41,55.94585031680787,-3.190105387697663,55.94608013014081,-3.189912551414757,love.behind.orchestra
42,55.94608013014081,-3.189912551414757,55.945977524097806,-3.1896306436285213
43,55.945977524097806,-3.1896306436285213,55.945874918054805,-3.1893487358422856
44,55.945874918054805,-3.1893487358422856,55.945772312011805,-3.18906682805605,stops.else.chats
45,55.945772312011805,-3.18906682805605,55.9459223120118,-3.1888070204349144
46,55.9459223120118,-3.1888070204349144,55.9460723120118,-3.188547212813779,boost.radar.stress
47,55.9460723120118,-3.188547212813779,55.9460202175585,-3.188251770487875
48,55.9460202175585,-3.188251770487875,55.945968123105196,-3.187956328161971
49,55.945968123105196,-3.187956328161971,55.945968123105196,-3.187656328161971
50,55.945968123105196,-3.187656328161971,55.945968123105196,-3.187356328161971,slips.mass.baking
51,55.945968123105196,-3.187356328161971,55.945916028651894,-3.187060885836067
52,55.945916028651894,-3.187060885836067,55.94586393419859,-3.186765443510163
53,55.94586393419859,-3.186765443510163,55.94581183974529,-3.1864700011842593,posts.kicked.universally
54,55.94581183974529,-3.1864700011842593,55.94581183974529,-3.186170001184259
55,55.94581183974529,-3.186170001184259,55.94575974529199,-3.1858745588583552
56,55.94575974529199,-3.1858745588583552,55.94575974529199,-3.185574558858355,shed.desire.muddy
57,55.94575974529199,-3.185574558858355,55.945657139248986,-3.1852926510721193
58,55.945657139248986,-3.1852926510721193,55.945554533205986,-3.1850107432858836
59,55.945554533205986,-3.1850107432858836,55.94540453320599,-3.184750935664748
60,55.94540453320599,-3.184750935664748,55.94530192716299,-3.1844690278785124,settle.title.united
61,55.94530192716299,-3.1844690278785124,55.94510909088008,-3.184698841211448
62,55.94510909088008,-3.184698841211448,55.944916254597175,-3.184928654544384
63,55.944916254597175,-3.184928654544384,55.94472341831427,-3.1851584678773195
64,55.94472341831427,-3.1851584678773195,55.94457341831427,-3.185418275498455
65,55.94457341831427,-3.185418275498455,55.944380582031364,-3.1856480888313907,atoms.vanish.foods
66,55.944380582031364,-3.1856480888313907,55.94427797598836,-3.1859299966176264,organs.shape.fantastic
67,55.94427797598836,-3.1859299966176264,55.94398253366246,-3.1859820910709264,teams.mild.played
68,55.94398253366246,-3.1859820910709264,55.943879927619456,-3.1857001832846907
69,55.943879927619456,-3.1857001832846907,55.943777321576455,-3.185418275498455
70,55.943777321576455,-3.185418275498455,55.943674715533454,-3.1851363677122193,hello.love.keys
71,55.943674715533454,-3.1851363677122193,55.94341490791232,-3.184986367712219
72,55.94341490791232,-3.184986367712219,55.943155100291186,-3.184836367712219,courier.assume.bill
73,55.943155100291186,-3.184836367712219,55.943052494248185,-3.185118275498455
74,55.943052494248185,-3.185118275498455,55.942949888205185,-3.1854001832846905,dent.shins.cycle
75,55.942949888205185,-3.1854001832846905,55.94309988820518,-3.185659990905826,toned.deflection.bland
76,55.94309988820518,-3.185659990905826,55.94304779375188,-3.18595543323173
77,55.94304779375188,-3.18595543323173,55.94299569929858,-3.1862508755576338,hers.banks.goat
78,55.94299569929858,-3.1862508755576338,55.942943604845276,-3.1865463178835376
79,55.942943604845276,-3.1865463178835376,55.94289151039197,-3.1868417602094414,valve.elaborate.fortunate
80,55.94289151039197,-3.1868417602094414,55.94263170277084,-3.1869917602094415,strut.river.surely
81,55.94263170277084,-3.1869917602094415,55.942927145096746,-3.1869396657561415
82,55.942927145096746,-3.1869396657561415,55.94322258742265,-3.1868875713028415
83,55.94322258742265,-3.1868875713028415,55.94351802974856,-3.1868354768495415
84,55.94351802974856,-3.1868354768495415,55.94381347207447,-3.1867833823962415
85,55.94381347207447,-3.1867833823962415,55.9440732796956,-3.1869333823962416
86,55.9440732796956,-3.1869333823962416,55.94426611597851,-3.1871631957291773
87,55.94426611597851,-3.1871631957291773,55.944561558304414,-3.1872152901824773
88,55.944561558304414,-3.1872152901824773,55.944561558304414,-3.1875152901824775
89,55.944561558304414,-3.1875152901824775,55.94461365275772,-3.1878107325083813
90,55.94461365275772,-3.1878107325083813,55.94491365275772,-3.1878107325083813
91,55.94491365275772,-3.1878107325083813,55.945173460378854,-3.1879607325083814
92,55.945173460378854,-3.1879607325083814,55.94543326799999,-3.1881107325083815
93,55.94543326799999,-3.1881107325083815,55.94548536245329,-3.1878152901824777
94,55.94548536245329,-3.1878152901824777,55.94553745690659,-3.187519847856574
95,55.94553745690659,-3.187519847856574,55.94553745690659,-3.1872198478565736
96,55.94553745690659,-3.1872198478565736,55.945589551359895,-3.18692440553067
97,55.945589551359895,-3.18692440553067,55.94532974373876,-3.1867744055306697
98,55.94532974373876,-3.1867744055306697,55.945069936117626,-3.1866244055306696,laws.merit.bleak
99,55.945069936117626,-3.1866244055306696,55.94478802833139,-3.186521799487672
100,55.94478802833139,-3.186521799487672,55.944735933878086,-3.186817241813576
101,55.944735933878086,-3.186817241813576,55.944633327835085,-3.1870991495998116
102,55.944633327835085,-3.1870991495998116,55.94458123338178,-3.1873945919257154
103,55.94458123338178,-3.1873945919257154,55.94452913892848,-3.1876900342516192
104,55.94452913892848,-3.1876900342516192,55.94447704447518,-3.187985476577523
105,55.94447704447518,-3.187985476577523,55.944424950021876,-3.188280918903427
