1,55.944425,-3.188396,55.944129557674096,-3.1884480944533,trades.rare.cable
2,55.944129557674096,-3.1884480944533,55.9441816521274,-3.188743536779204
3,55.9441816521274,-3.188743536779204,55.9441816521274,-3.189043536779204,spoon.invest.every
4,55.9441816521274,-3.189043536779204,55.944477094453305,-3.189095631232504
5,55.944477094453305,-3.189095631232504,55.94477253677921,-3.189147725685804
6,55.94477253677921,-3.189147725685804,55.94506797910512,-3.189199820139104,number.exist.rate
7,55.94506797910512,-3.189199820139104,55.94512007355842,-3.1889043778132002
8,55.94512007355842,-3.1889043778132002,55.94517216801172,-3.1886089354872964,rooms.lamp.teach
9,55.94517216801172,-3.1886089354872964,55.94540198134466,-3.188801771770202,shady.soft.phones
10,55.94540198134466,-3.188801771770202,55.94545407579796,-3.1885063294442983,skills.less.herb
11,55.94545407579796,-3.1885063294442983,55.945506170251264,-3.188801771770202
12,55.945506170251264,-3.188801771770202,55.945608776294264,-3.189083679556438
13,55.945608776294264,-3.189083679556438,55.94566087074757,-3.1893791218823417,museum.spicy.horns
14,55.94566087074757,-3.1893791218823417,55.94596087074757,-3.1893791218823417,coherent.saints.stuck
15,55.94596087074757,-3.1893791218823417,55.94601296520087,-3.1896745642082456
16,55.94601296520087,-3.1896745642082456,55.94601296520087,-3.1899745642082458,love.behind.orchestra
17,55.94601296520087,-3.1899745642082458,55.94601296520087,-3.190274564208246
18,55.94601296520087,-3.190274564208246,55.94601296520087,-3.190574564208246
19,55.94601296520087,-3.190574564208246,55.94601296520087,-3.1908745642082463
20,55.94601296520087,-3.1908745642082463,55.94596087074757,-3.19117000653415,simple.rust.audio
21,55.94596087074757,-3.19117000653415,55.945701063126435,-3.1913200065341503
22,55.945701063126435,-3.1913200065341503,55.9454412555053,-3.1914700065341504
23,55.9454412555053,-3.1914700065341504,55.94518144788417,-3.1916200065341505,hills.feels.tunes
24,55.94518144788417,-3.1916200065341505,55.945129353430865,-3.1919154488600543
25,55.945129353430865,-3.1919154488600543,55.945129353430865,-3.1922154488600545,useful.hike.trades
26,55.945129353430865,-3.1922154488600545,55.94493651714796,-3.191985635527119
27,55.94493651714796,-3.191985635527119,55.94474368086505,-3.191755822194183
28,55.94474368086505,-3.191755822194183,55.944550844582146,-3.1915260088612474
29,55.944550844582146,-3.1915260088612474,55.94440084458215,-3.191266201240112
30,55.94440084458215,-3.191266201240112,55.94420800829924,-3.191036387907176
31,55.94420800829924,-3.191036387907176,55.944058008299244,-3.1907765802860406
32,55.944058008299244,-3.1907765802860406,55.94386517201634,-3.190546766953105
33,55.94386517201634,-3.190546766953105,55.94371517201634,-3.1902869593319694,sculpture.shot.melon
34,55.94371517201634,-3.1902869593319694,55.9434332642301,-3.1901843532889718,arts.dish.scarcely
35,55.9434332642301,-3.1901843532889718,55.94317345660897,-3.1900343532889717
36,55.94317345660897,-3.1900343532889717,55.94289154882273,-3.189931747245974,second.launch.miles
37,55.94289154882273,-3.189931747245974,55.94283945436943,-3.190227189571878
38,55.94283945436943,-3.190227189571878,55.94283945436943,-3.190527189571878,tonic.bliss.cove
39,55.94283945436943,-3.190527189571878,55.94306926770236,-3.190720025854784,relate.chill.vest
40,55.94306926770236,-3.190720025854784,55.94287643141946,-3.1909498391877196
41,55.94287643141946,-3.1909498391877196,55.94272643141946,-3.191209646808855,along.spill.limp
42,55.94272643141946,-3.191209646808855,55.94277852587276,-3.1909142044829513
43,55.94277852587276,-3.1909142044829513,55.94283062032606,-3.1906187621570474
44,55.94283062032606,-3.1906187621570474,55.942882714779365,-3.1903233198311436
45,55.942882714779365,-3.1903233198311436,55.94293480923267,-3.1900278775052398
46,55.94293480923267,-3.1900278775052398,55.94298690368597,-3.189732435179336
47,55.94298690368597,-3.189732435179336,55.94308950972897,-3.1894505273931
48,55.94308950972897,-3.1894505273931,55.94319211577197,-3.1891686196068645
49,55.94319211577197,-3.1891686196068645,55.943244210225274,-3.1888731772809606
50,55.943244210225274,-3.1888731772809606,55.943346816268274,-3.188591269494725
51,55.943346816268274,-3.188591269494725,55.94339891072158,-3.188295827168821
52,55.94339891072158,-3.188295827168821,55.94350151676458,-3.1880139193825854,scare.cubs.resort
53,55.94350151676458,-3.1880139193825854,55.94369435304748,-3.1877841060496497
54,55.94369435304748,-3.1877841060496497,55.94384435304748,-3.187524298428514,begins.spider.drips
55,55.94384435304748,-3.187524298428514,55.943896447500784,-3.1872288561026103
56,55.943896447500784,-3.1872288561026103,55.943999053543784,-3.1869469483163746,renew.ears.tend
57,55.943999053543784,-3.1869469483163746,55.94405114799709,-3.1866515059904708,lime.learns.front
58,55.94405114799709,-3.1866515059904708,55.943999053543784,-3.1869469483163746
59,55.943999053543784,-3.1869469483163746,55.94425886116492,-3.1870969483163747
60,55.94425886116492,-3.1870969483163747,55.944488674497855,-3.1872897845992805,only.fairly.rift
61,55.944488674497855,-3.1872897845992805,55.94454076895116,-3.1869943422733766
62,55.94454076895116,-3.1869943422733766,55.94459286340446,-3.186698899947473,artist.gets.react
63,55.94459286340446,-3.186698899947473,55.94485267102559,-3.1865488999474727,laws.merit.bleak
64,55.94485267102559,-3.1865488999474727,55.94511247864673,-3.186698899947473
65,55.94511247864673,-3.186698899947473,55.94537228626786,-3.186848899947473,spent.spoon.bolt
66,55.94537228626786,-3.186848899947473,55.94511247864673,-3.186698899947473
67,55.94511247864673,-3.186698899947473,55.94485267102559,-3.1865488999474727
68,55.94485267102559,-3.1865488999474727,55.94480057657229,-3.1868443422733765
69,55.94480057657229,-3.1868443422733765,55.94454076895116,-3.1869943422733766
70,55.94454076895116,-3.1869943422733766,55.94459286340446,-3.1872897845992805
71,55.94459286340446,-3.1872897845992805,55.94454076895116,-3.1875852269251843
72,55.94454076895116,-3.1875852269251843,55.94473360523406,-3.18781504025812
73,55.94473360523406,-3.18781504025812,55.9450155130203,-3.1879176463011176
74,55.9450155130203,-3.1879176463011176,55.94529742080654,-3.1880202523441152
75,55.94529742080654,-3.1880202523441152,55.945557228427674,-3.1881702523441153
76,55.945557228427674,-3.1881702523441153,55.945609322880976,-3.1878748100182115
77,55.945609322880976,-3.1878748100182115,55.945609322880976,-3.1875748100182113
78,55.945609322880976,-3.1875748100182113,55.94566141733428,-3.1872793676923075,diner.leaves.mutual
79,55.94566141733428,-3.1872793676923075,55.94551141733428,-3.187019560071172
80,55.94551141733428,-3.187019560071172,55.945281604001345,-3.186826723788266
81,55.945281604001345,-3.186826723788266,55.94502179638021,-3.186676723788266
82,55.94502179638021,-3.186676723788266,55.944791983047274,-3.1864838875053603
83,55.944791983047274,-3.1864838875053603,55.94453217542614,-3.18633388750536
84,55.94453217542614,-3.18633388750536,55.944339339143234,-3.1861040741724245
85,55.944339339143234,-3.1861040741724245,55.94404389681733,-3.1860519797191245,teams.mild.played
86,55.94404389681733,-3.1860519797191245,55.94374845449142,-3.1861040741724245
87,55.94374845449142,-3.1861040741724245,55.94345301216551,-3.1861561686257245
88,55.94345301216551,-3.1861561686257245,55.943157569839606,-3.1862082630790245
89,55.943157569839606,-3.1862082630790245,55.9428621275137,-3.1862603575323245,under.retire.bump
90,55.9428621275137,-3.1862603575323245,55.9428100330604,-3.1865557998582283
91,55.9428100330604,-3.1865557998582283,55.942707427017396,-3.186837707644464,strut.river.surely
92,55.942707427017396,-3.186837707644464,55.94296723463853,-3.186987707644464
93,55.94296723463853,-3.186987707644464,55.943227042259664,-3.1871377076444642,scale.chair.kinds
94,55.943227042259664,-3.1871377076444642,55.94327913671297,-3.1868422653185604
95,55.94327913671297,-3.1868422653185604,55.943429136712965,-3.186582457697425
96,55.943429136712965,-3.186582457697425,55.94348123116627,-3.186287015371521
97,55.94348123116627,-3.186287015371521,55.94353332561957,-3.185991573045617
98,55.94353332561957,-3.185991573045617,55.94358542007287,-3.1856961307197134
99,55.94358542007287,-3.1856961307197134,55.94368802611587,-3.1854142229334776
100,55.94368802611587,-3.1854142229334776,55.943740120569174,-3.185118780607574
101,55.943740120569174,-3.185118780607574,55.943842726612175,-3.184836872821338,rider.mile.lime
102,55.943842726612175,-3.184836872821338,55.94413816893808,-3.184784778368038
103,55.94413816893808,-3.184784778368038,55.94443361126399,-3.184732683914738
104,55.94443361126399,-3.184732683914738,55.944729053589896,-3.184680589461438
105,55.944729053589896,-3.184680589461438,55.945010961376134,-3.1845779834184404
106,55.945010961376134,-3.1845779834184404,55.94530640370204,-3.1845258889651404,settle.title.united
107,55.94530640370204,-3.1845258889651404,55.94525430924874,-3.1848213312910443
108,55.94525430924874,-3.1848213312910443,55.94520221479544,-3.185116773616948
109,55.94520221479544,-3.185116773616948,55.945150120342134,-3.185412215942852
110,55.945150120342134,-3.185412215942852,55.94509802588883,-3.185707658268756
111,55.94509802588883,-3.185707658268756,55.94504593143553,-3.1860031005946596
112,55.94504593143553,-3.1860031005946596,55.94499383698223,-3.1862985429205635
113,55.94499383698223,-3.1862985429205635,55.944941742528925,-3.1865939852464673
114,55.944941742528925,-3.1865939852464673,55.94468193490779,-3.186443985246467
115,55.94468193490779,-3.186443985246467,55.94462984045449,-3.186739427572371
116,55.94462984045449,-3.186739427572371,55.94457774600119,-3.187034869898275
117,55.94457774600119,-3.187034869898275,55.944525651547885,-3.1873303122241787
118,55.944525651547885,-3.1873303122241787,55.944525651547885,-3.187630312224179
119,55.944525651547885,-3.187630312224179,55.94447355709458,-3.1879257545500828
120,55.94447355709458,-3.1879257545500828,55.94442146264128,-3.1882211968759866
