1,55.944425,-3.188396,55.944129557674096,-3.1884480944533,trades.rare.cable
2,55.944129557674096,-3.1884480944533,55.94389974434116,-3.1882552581703942,cubs.trucks.help
3,55.94389974434116,-3.1882552581703942,55.94379713829816,-3.18853716595663
4,55.94379713829816,-3.18853716595663,55.94369453225516,-3.1888190737428657,labels.hotels.alert
5,55.94369453225516,-3.1888190737428657,55.94395433987629,-3.1889690737428658
6,55.94395433987629,-3.1889690737428658,55.944214147497426,-3.189119073742866,spoon.invest.every
7,55.944214147497426,-3.189119073742866,55.94402131121452,-3.1893488870758016
8,55.94402131121452,-3.1893488870758016,55.943828474931614,-3.1895787004087373,burn.spot.across
9,55.943828474931614,-3.1895787004087373,55.94353303260571,-3.1895266059554372,cars.attend.hotels
10,55.94353303260571,-3.1895266059554372,55.94327322498457,-3.1896766059554373
11,55.94327322498457,-3.1896766059554373,55.94301341736344,-3.1898266059554374,second.launch.miles
12,55.94301341736344,-3.1898266059554374,55.94327322498457,-3.1899766059554375
13,55.94327322498457,-3.1899766059554375,55.94350303831751,-3.1901694422383433
14,55.94350303831751,-3.1901694422383433,55.94376284593864,-3.1903194422383434,sculpture.shot.melon
15,55.94376284593864,-3.1903194422383434,55.94391284593864,-3.190579249859479
16,55.94391284593864,-3.190579249859479,55.94406284593864,-3.1908390574806145
17,55.94406284593864,-3.1908390574806145,55.94416545198164,-3.19112096526685,hills.giant.crate
18,55.94416545198164,-3.19112096526685,55.94446089430755,-3.19106887081355
19,55.94446089430755,-3.19106887081355,55.94476089430755,-3.19106887081355,estate.gave.votes
20,55.94476089430755,-3.19106887081355,55.944990707640486,-3.1908760345306444
21,55.944990707640486,-3.1908760345306444,55.94522052097342,-3.1906831982477386
22,55.94522052097342,-3.1906831982477386,55.94545033430636,-3.190490361964833
23,55.94545033430636,-3.190490361964833,55.945680147639294,-3.190297525681927
24,55.945680147639294,-3.190297525681927,55.94590996097223,-3.1901046893990213,love.behind.orchestra
25,55.94590996097223,-3.1901046893990213,55.94575996097223,-3.1898448817778857
26,55.94575996097223,-3.1898448817778857,55.945609960972234,-3.18958507415675
27,55.945609960972234,-3.18958507415675,55.94545996097224,-3.1893252665356147
28,55.94545996097224,-3.1893252665356147,55.94530996097224,-3.189065458914479
29,55.94530996097224,-3.189065458914479,55.94520735492924,-3.1887835511282434,rooms.lamp.teach
30,55.94520735492924,-3.1887835511282434,55.94546716255037,-3.1886335511282433
31,55.94546716255037,-3.1886335511282433,55.945726970171506,-3.188483551128243,bend.tubes.chops
32,55.945726970171506,-3.188483551128243,55.945726970171506,-3.188183551128243
33,55.945726970171506,-3.188183551128243,55.945674875718204,-3.187888108802339
34,55.945674875718204,-3.187888108802339,55.945674875718204,-3.187588108802339
35,55.945674875718204,-3.187588108802339,55.945674875718204,-3.187288108802339,diner.leaves.mutual
36,55.945674875718204,-3.187288108802339,55.945524875718206,-3.1870283011812033,spent.spoon.bolt
37,55.945524875718206,-3.1870283011812033,55.94562748176121,-3.1867463933949676,hidden.handle.softly
38,55.94562748176121,-3.1867463933949676,55.945327481761204,-3.1867463933949676,dragon.bottle.crisp
39,55.945327481761204,-3.1867463933949676,55.945045573974966,-3.18664378735197
40,55.945045573974966,-3.18664378735197,55.94478576635383,-3.18649378735197,rated.fired.crowds
41,55.94478576635383,-3.18649378735197,55.944592930070925,-3.1867236006849056,artist.gets.react
42,55.944592930070925,-3.1867236006849056,55.944592930070925,-3.1864236006849054
43,55.944592930070925,-3.1864236006849054,55.94444293007093,-3.18616379306377
44,55.94444293007093,-3.18616379306377,55.94416102228469,-3.1860611870207722,organs.shape.fantastic
45,55.94416102228469,-3.1860611870207722,55.94387911449845,-3.1859585809777746
46,55.94387911449845,-3.1859585809777746,55.94359720671221,-3.185855974934777,record.sofa.sock
47,55.94359720671221,-3.185855974934777,55.943315298925974,-3.1857533688917794
48,55.943315298925974,-3.1857533688917794,55.94305549130484,-3.1856033688917793,toned.deflection.bland
49,55.94305549130484,-3.1856033688917793,55.94276004897893,-3.1855512744384793,dent.shins.cycle
50,55.94276004897893,-3.1855512744384793,55.94291004897893,-3.1852914668173438
51,55.94291004897893,-3.1852914668173438,55.94306004897893,-3.1850316591962082
52,55.94306004897893,-3.1850316591962082,55.943210048978926,-3.1847718515750727,brings.remedy.latter
53,55.943210048978926,-3.1847718515750727,55.94343986231186,-3.1849646878579785,sentences.sings.modern
54,55.94343986231186,-3.1849646878579785,55.9436696756448,-3.1851575241408843,hello.love.keys
55,55.9436696756448,-3.1851575241408843,55.9437722816878,-3.1848756163546486
56,55.9437722816878,-3.1848756163546486,55.9438748877308,-3.184593708568413,rider.mile.lime
57,55.9438748877308,-3.184593708568413,55.9441748877308,-3.184593708568413
58,55.9441748877308,-3.184593708568413,55.944474887730806,-3.184593708568413
59,55.944474887730806,-3.184593708568413,55.94477033005671,-3.184541614115113
60,55.94477033005671,-3.184541614115113,55.945070330056716,-3.184541614115113
61,55.945070330056716,-3.184541614115113,55.94536577238262,-3.184489519661813,settle.title.united
62,55.94536577238262,-3.184489519661813,55.94555860866553,-3.1847193329947485
63,55.94555860866553,-3.1847193329947485,55.945751444948435,-3.184949146327684,rider.aura.bulb
64,55.945751444948435,-3.184949146327684,55.945854050991436,-3.18523105411392
65,55.945854050991436,-3.18523105411392,55.945956657034436,-3.1855129619001556
66,55.945956657034436,-3.1855129619001556,55.94600875148774,-3.1858084042260595,renew.slows.basket
67,55.94600875148774,-3.1858084042260595,55.9457268437015,-3.185911010269057
68,55.9457268437015,-3.185911010269057,55.94544493591526,-3.1860136163120547
69,55.94544493591526,-3.1860136163120547,55.94516302812902,-3.1861162223550523
70,55.94516302812902,-3.1861162223550523,55.944881120342785,-3.18621882839805
71,55.944881120342785,-3.18621882839805,55.94459921255655,-3.1863214344410475
72,55.94459921255655,-3.1863214344410475,55.94433940493541,-3.1861714344410474
73,55.94433940493541,-3.1861714344410474,55.94407959731428,-3.1863214344410475
74,55.94407959731428,-3.1863214344410475,55.943819789693144,-3.1864714344410476
75,55.943819789693144,-3.1864714344410476,55.94355998207201,-3.1866214344410477
76,55.94355998207201,-3.1866214344410477,55.943300174450876,-3.186771434441048
77,55.943300174450876,-3.186771434441048,55.94304036682974,-3.186921434441048,valve.elaborate.fortunate
78,55.94304036682974,-3.186921434441048,55.94304036682974,-3.187221434441048
79,55.94304036682974,-3.187221434441048,55.94304036682974,-3.1875214344410483
80,55.94304036682974,-3.1875214344410483,55.94304036682974,-3.1878214344410485
81,55.94304036682974,-3.1878214344410485,55.943092461283044,-3.1881168767669523
82,55.943092461283044,-3.1881168767669523,55.943092461283044,-3.1884168767669525,groups.ideas.script
83,55.943092461283044,-3.1884168767669525,55.94304036682974,-3.1887123190928564
84,55.94304036682974,-3.1887123190928564,55.94298827237644,-3.18900776141876
85,55.94298827237644,-3.18900776141876,55.94293617792314,-3.189303203744664
86,55.94293617792314,-3.189303203744664,55.942884083469835,-3.189598646070568
87,55.942884083469835,-3.189598646070568,55.942884083469835,-3.189898646070568
88,55.942884083469835,-3.189898646070568,55.94283198901653,-3.190194088396472
89,55.94283198901653,-3.190194088396472,55.94283198901653,-3.190494088396472
90,55.94283198901653,-3.190494088396472,55.94277989456323,-3.190789530722376
91,55.94277989456323,-3.190789530722376,55.94272780010993,-3.1910849730482798,along.spill.limp
92,55.94272780010993,-3.1910849730482798,55.942877800109926,-3.1908251654271442
93,55.942877800109926,-3.1908251654271442,55.943027800109924,-3.1905653578060087
94,55.943027800109924,-3.1905653578060087,55.94317780010992,-3.190305550184873
95,55.94317780010992,-3.190305550184873,55.94332780010992,-3.1900457425637376
96,55.94332780010992,-3.1900457425637376,55.94347780010992,-3.189785934942602
97,55.94347780010992,-3.189785934942602,55.943627800109915,-3.1895261273214666
98,55.943627800109915,-3.1895261273214666,55.94377780010991,-3.189266319700331
99,55.94377780010991,-3.189266319700331,55.94397063639282,-3.1890365063673953
100,55.94397063639282,-3.1890365063673953,55.94412063639282,-3.18877669874626
101,55.94412063639282,-3.18877669874626,55.944313472675724,-3.188546885413324
