1,55.944425,-3.188396,55.944143092213764,-3.1882933939570024,rush.crown.link
2,55.944143092213764,-3.1882933939570024,55.94404048617076,-3.188575301743238
3,55.94404048617076,-3.188575301743238,55.94393788012776,-3.188857209529474,noted.friday.jams
4,55.94393788012776,-3.188857209529474,55.94413071641067,-3.1890870228624095,spoon.invest.every
5,55.94413071641067,-3.1890870228624095,55.94384880862443,-3.189189628905407
6,55.94384880862443,-3.189189628905407,55.94356690083819,-3.1892922349484047
7,55.94356690083819,-3.1892922349484047,55.943284993051954,-3.1893948409914024,rents.cone.stove
8,55.943284993051954,-3.1893948409914024,55.94323289859865,-3.189690283317306
9,55.94323289859865,-3.189690283317306,55.94318080414535,-3.18998572564321,shows.fries.lamp
10,55.94318080414535,-3.18998572564321,55.94289889635911,-3.1898831196002124
11,55.94289889635911,-3.1898831196002124,55.94263908873798,-3.1897331196002123,hooked.shine.third
12,55.94263908873798,-3.1897331196002123,55.94269118319128,-3.190028561926116
13,55.94269118319128,-3.190028561926116,55.94274327764458,-3.19032400425202
14,55.94274327764458,-3.19032400425202,55.94284588368758,-3.1906059120382557,tonic.bliss.cove
15,55.94284588368758,-3.1906059120382557,55.943105691308716,-3.190755912038256,relate.chill.vest
16,55.943105691308716,-3.190755912038256,55.943387599094955,-3.1908585180812534
17,55.943387599094955,-3.1908585180812534,55.94364740671609,-3.1910085180812535
18,55.94364740671609,-3.1910085180812535,55.94392931450233,-3.191111124124251,spicy.bunch.shady
19,55.94392931450233,-3.191111124124251,55.944224756828234,-3.191059029670951
20,55.944224756828234,-3.191059029670951,55.94452475682824,-3.191059029670951,paying.crowd.weep
21,55.94452475682824,-3.191059029670951,55.94482475682824,-3.191059029670951,estate.gave.votes
22,55.94482475682824,-3.191059029670951,55.94512019915415,-3.191006935217651,maple.limit.hotels
23,55.94512019915415,-3.191006935217651,55.94522280519715,-3.1907250274314154
24,55.94522280519715,-3.1907250274314154,55.94532541124015,-3.1904431196451797
25,55.94532541124015,-3.1904431196451797,55.94542801728315,-3.190161211858944
26,55.94542801728315,-3.190161211858944,55.94548011173645,-3.18986576953304,turkey.limit.ramp
27,55.94548011173645,-3.18986576953304,55.94558271777945,-3.1895838617468044
28,55.94558271777945,-3.1895838617468044,55.945634812232754,-3.1892884194209006,museum.spicy.horns
29,55.945634812232754,-3.1892884194209006,55.94591672001899,-3.189391025463898,coherent.saints.stuck
30,55.94591672001899,-3.189391025463898,55.945723883736086,-3.1891612121309625
31,55.945723883736086,-3.1891612121309625,55.94553104745318,-3.188931398798027,shady.soft.phones
32,55.94553104745318,-3.188931398798027,55.945760860786116,-3.188738562515121
33,55.945760860786116,-3.188738562515121,55.94602066840725,-3.188588562515121,boost.radar.stress
34,55.94602066840725,-3.188588562515121,55.94602066840725,-3.1882885625151207
35,55.94602066840725,-3.1882885625151207,55.94596857395395,-3.187993120189217
36,55.94596857395395,-3.187993120189217,55.94596857395395,-3.1876931201892167
37,55.94596857395395,-3.1876931201892167,55.94596857395395,-3.1873931201892165,slips.mass.baking
38,55.94596857395395,-3.1873931201892165,55.94573876062101,-3.1872002839063107
39,55.94573876062101,-3.1872002839063107,55.945508947288076,-3.187007447623405
40,55.945508947288076,-3.187007447623405,55.94527913395514,-3.186814611340499,dragon.bottle.crisp
41,55.94527913395514,-3.186814611340499,55.945019326334005,-3.186664611340499
42,55.945019326334005,-3.186664611340499,55.944719326334,-3.186664611340499,artist.gets.react
43,55.944719326334,-3.186664611340499,55.944616720291,-3.1869465191267348
44,55.944616720291,-3.1869465191267348,55.944514114248,-3.1872284269129705,only.fairly.rift
45,55.944514114248,-3.1872284269129705,55.94423220646176,-3.187331032955968
46,55.94423220646176,-3.187331032955968,55.94397239884063,-3.187481032955968,begins.spider.drips
47,55.94397239884063,-3.187481032955968,55.943712591219494,-3.1876310329559683
48,55.943712591219494,-3.1876310329559683,55.943430683433256,-3.187733638998966
49,55.943430683433256,-3.187733638998966,55.94317087581212,-3.187883638998966,gums.clock.modes
50,55.94317087581212,-3.187883638998966,55.94317087581212,-3.188183638998966
51,55.94317087581212,-3.188183638998966,55.94311878135882,-3.18847908132487,groups.ideas.script
52,55.94311878135882,-3.18847908132487,55.94306668690552,-3.188183638998966
53,55.94306668690552,-3.188183638998966,55.943014592452215,-3.1878881966730623
54,55.943014592452215,-3.1878881966730623,55.94296249799891,-3.1875927543471585
55,55.94296249799891,-3.1875927543471585,55.94291040354561,-3.1872973120212547
56,55.94291040354561,-3.1872973120212547,55.94285830909231,-3.187001869695351
57,55.94285830909231,-3.187001869695351,55.942806214639006,-3.186706427369447
58,55.942806214639006,-3.186706427369447,55.942806214639006,-3.186406427369447,under.retire.bump
59,55.942806214639006,-3.186406427369447,55.942806214639006,-3.1861064273694466
60,55.942806214639006,-3.1861064273694466,55.94285830909231,-3.1858109850435428
61,55.94285830909231,-3.1858109850435428,55.94285830909231,-3.1855109850435426,dent.shins.cycle
62,55.94285830909231,-3.1855109850435426,55.94314021687855,-3.185408379000545
63,55.94314021687855,-3.185408379000545,55.94340002449968,-3.185258379000545
64,55.94340002449968,-3.185258379000545,55.94368193228592,-3.1851557729575473,hello.love.keys
65,55.94368193228592,-3.1851557729575473,55.94398193228592,-3.1851557729575473
66,55.94398193228592,-3.1851557729575473,55.94427737461183,-3.1852078674108473
67,55.94427737461183,-3.1852078674108473,55.94457737461183,-3.1852078674108473,acid.chair.butter
68,55.94457737461183,-3.1852078674108473,55.94472737461183,-3.1849480597897117
69,55.94472737461183,-3.1849480597897117,55.94482998065483,-3.184666152003476
70,55.94482998065483,-3.184666152003476,55.94497998065483,-3.1844063443823405,sports.topic.clocks
71,55.94497998065483,-3.1844063443823405,55.945129980654826,-3.184666152003476
72,55.945129980654826,-3.184666152003476,55.945279980654824,-3.1849259596246116
73,55.945279980654824,-3.1849259596246116,55.94547281693773,-3.1851557729575473
74,55.94547281693773,-3.1851557729575473,55.94562281693773,-3.185415580578683
75,55.94562281693773,-3.185415580578683,55.945772816937726,-3.1856753881998183,shed.desire.muddy
76,55.945772816937726,-3.1856753881998183,55.945772816937726,-3.1859753881998185
77,55.945772816937726,-3.1859753881998185,55.945772816937726,-3.1862753881998187,posts.kicked.universally
78,55.945772816937726,-3.1862753881998187,55.94547737461182,-3.1862232937465187
79,55.94547737461182,-3.1862232937465187,55.94518193228591,-3.1861711992932187
80,55.94518193228591,-3.1861711992932187,55.94488193228591,-3.1861711992932187
81,55.94488193228591,-3.1861711992932187,55.94458648996,-3.1861191048399187
82,55.94458648996,-3.1861191048399187,55.94428648996,-3.1861191048399187,organs.shape.fantastic
83,55.94428648996,-3.1861191048399187,55.94409365367709,-3.1863489181728544
84,55.94409365367709,-3.1863489181728544,55.94404155922379,-3.186644360498758
85,55.94404155922379,-3.186644360498758,55.94404155922379,-3.1869443604987584
86,55.94404155922379,-3.1869443604987584,55.94409365367709,-3.1872398028246622
87,55.94409365367709,-3.1872398028246622,55.944145748130396,-3.187535245150566
88,55.944145748130396,-3.187535245150566,55.9441978425837,-3.18783068747647
89,55.9441978425837,-3.18783068747647,55.944249937037,-3.1881261298023738
90,55.944249937037,-3.1881261298023738,55.9443020314903,-3.1884215721282776
91,55.9443020314903,-3.1884215721282776,55.944354125943605,-3.1887170144541814
92,55.944354125943605,-3.1887170144541814,55.94440622039691,-3.1890124567800853
93,55.94440622039691,-3.1890124567800853,55.94445831485021,-3.189307899105989
94,55.94445831485021,-3.189307899105989,55.94451040930351,-3.189603341431893
95,55.94451040930351,-3.189603341431893,55.94456250375681,-3.189898783757797
96,55.94456250375681,-3.189898783757797,55.944614598210116,-3.1901942260837006
97,55.944614598210116,-3.1901942260837006,55.94466669266342,-3.1904896684096045
98,55.94466669266342,-3.1904896684096045,55.94471878711672,-3.1907851107355083
99,55.94471878711672,-3.1907851107355083,55.94482139315972,-3.191067018521744
100,55.94482139315972,-3.191067018521744,55.94487348761302,-3.191362460847648
101,55.94487348761302,-3.191362460847648,55.944976093656024,-3.1916443686338836
102,55.944976093656024,-3.1916443686338836,55.945028188109326,-3.1919398109597874
103,55.945028188109326,-3.1919398109597874,55.94513079415233,-3.192221718746023,useful.hike.trades
104,55.94513079415233,-3.192221718746023,55.945078699699025,-3.1919262764201193
105,55.945078699699025,-3.1919262764201193,55.94502660524572,-3.1916308340942154
106,55.94502660524572,-3.1916308340942154,55.94497451079242,-3.1913353917683116
107,55.94497451079242,-3.1913353917683116,55.94492241633912,-3.1910399494424078
108,55.94492241633912,-3.1910399494424078,55.944870321885816,-3.190744507116504
109,55.944870321885816,-3.190744507116504,55.94481822743251,-3.1904490647906
110,55.94481822743251,-3.1904490647906,55.94476613297921,-3.1901536224646962
111,55.94476613297921,-3.1901536224646962,55.94471403852591,-3.1898581801387924
112,55.94471403852591,-3.1898581801387924,55.94466194407261,-3.1895627378128886
113,55.94466194407261,-3.1895627378128886,55.944609849619304,-3.1892672954869847
114,55.944609849619304,-3.1892672954869847,55.944557755166,-3.188971853161081
115,55.944557755166,-3.188971853161081,55.9445056607127,-3.188676410835177
116,55.9445056607127,-3.188676410835177,55.9444030546697,-3.1883945030489413
