1,55.944425,-3.188396,55.944129557674096,-3.1884480944533,trades.rare.cable
2,55.944129557674096,-3.1884480944533,55.94389974434116,-3.1882552581703942,cubs.trucks.help
3,55.94389974434116,-3.1882552581703942,55.94379713829816,-3.18853716595663
4,55.94379713829816,-3.18853716595663,55.94369453225516,-3.1888190737428657,labels.hotels.alert
5,55.94369453225516,-3.1888190737428657,55.94395433987629,-3.1889690737428658
6,55.94395433987629,-3.1889690737428658,55.944214147497426,-3.189119073742866,spoon.invest.every
7,55.944214147497426,-3.189119073742866,55.94402131121452,-3.1893488870758016
8,55.94402131121452,-3.1893488870758016,55.943828474931614,-3.1895787004087373,burn.spot.across
9,55.943828474931614,-3.1895787004087373,55.94405828826455,-3.189771536691643,cliff.asleep.wedge
10,55.94405828826455,-3.189771536691643,55.94400619381125,-3.190066979017547
11,55.94400619381125,-3.190066979017547,55.94400619381125,-3.190366979017547,pump.wheels.hulk
12,55.94400619381125,-3.190366979017547,55.94372428602501,-3.1902643729745495
13,55.94372428602501,-3.1902643729745495,55.94344237823877,-3.190161766931552
14,55.94344237823877,-3.190161766931552,55.94316047045253,-3.1900591608885542,shows.fries.lamp
15,55.94316047045253,-3.1900591608885542,55.9429006628314,-3.189909160888554
16,55.9429006628314,-3.189909160888554,55.942640855210264,-3.189759160888554,hooked.shine.third
17,55.942640855210264,-3.189759160888554,55.94293629753617,-3.189707066435254
18,55.94293629753617,-3.189707066435254,55.94298839198947,-3.18941162410935,region.passes.pencil
19,55.94298839198947,-3.18941162410935,55.94293629753617,-3.189707066435254
20,55.94293629753617,-3.189707066435254,55.94288420308287,-3.190002508761158
21,55.94288420308287,-3.190002508761158,55.94283210862957,-3.1902979510870617
22,55.94283210862957,-3.1902979510870617,55.94283210862957,-3.190597951087062,tonic.bliss.cove
23,55.94283210862957,-3.190597951087062,55.94302494491247,-3.1908277644199976
24,55.94302494491247,-3.1908277644199976,55.94325475824541,-3.1910206007029034,meal.feed.large
25,55.94325475824541,-3.1910206007029034,55.943550200571316,-3.1910726951562034
26,55.943550200571316,-3.1910726951562034,55.94385020057132,-3.1910726951562034
27,55.94385020057132,-3.1910726951562034,55.944145642897226,-3.1911247896095034
28,55.944145642897226,-3.1911247896095034,55.94444564289723,-3.1911247896095034
29,55.94444564289723,-3.1911247896095034,55.944741085223136,-3.1911768840628034
30,55.944741085223136,-3.1911768840628034,55.94504108522314,-3.1911768840628034
31,55.94504108522314,-3.1911768840628034,55.945336527549046,-3.1912289785161034
32,55.945336527549046,-3.1912289785161034,55.94563196987495,-3.1912810729694034,skins.engage.best
33,55.94563196987495,-3.1912810729694034,55.94591387766119,-3.191178466926406,simple.rust.audio
34,55.94591387766119,-3.191178466926406,55.94591387766119,-3.1908784669264056
35,55.94591387766119,-3.1908784669264056,55.94596597211449,-3.190583024600502
36,55.94596597211449,-3.190583024600502,55.946018066567795,-3.190287582274598
37,55.946018066567795,-3.190287582274598,55.946018066567795,-3.1899875822745978,love.behind.orchestra
38,55.946018066567795,-3.1899875822745978,55.94572262424189,-3.1899354878212978
39,55.94572262424189,-3.1899354878212978,55.94544071645565,-3.1898328817783,turkey.limit.ramp
40,55.94544071645565,-3.1898328817783,55.94529071645565,-3.1895730741571646
41,55.94529071645565,-3.1895730741571646,55.945140716455654,-3.189313266536029,number.exist.rate
42,55.945140716455654,-3.189313266536029,55.945243322498655,-3.1890313587497934
43,55.945243322498655,-3.1890313587497934,55.945345928541656,-3.1887494509635577
44,55.945345928541656,-3.1887494509635577,55.945448534584656,-3.188467543177322
45,55.945448534584656,-3.188467543177322,55.94555114062766,-3.1881856353910862
46,55.94555114062766,-3.1881856353910862,55.945701140627655,-3.1879258277699507
47,55.945701140627655,-3.1879258277699507,55.945803746670656,-3.187643919983715
48,55.945803746670656,-3.187643919983715,55.945953746670654,-3.1873841123625795,slips.mass.baking
49,55.945953746670654,-3.1873841123625795,55.94572393333772,-3.1871912760796737
50,55.94572393333772,-3.1871912760796737,55.94549412000478,-3.186998439796768,spent.spoon.bolt
51,55.94549412000478,-3.186998439796768,55.94564412000478,-3.1867386321756324,hidden.handle.softly
52,55.94564412000478,-3.1867386321756324,55.94569621445808,-3.1864431898497285,posts.kicked.universally
53,55.94569621445808,-3.1864431898497285,55.94543640683695,-3.1865931898497286
54,55.94543640683695,-3.1865931898497286,55.94517659921581,-3.1867431898497287,dragon.bottle.crisp
55,55.94517659921581,-3.1867431898497287,55.94494678588288,-3.186550353566823,laws.merit.bleak
56,55.94494678588288,-3.186550353566823,55.94465134355697,-3.186602448020123,artist.gets.react
57,55.94465134355697,-3.186602448020123,55.94454873751397,-3.186320540233887
58,55.94454873751397,-3.186320540233887,55.94444613147097,-3.1860386324476515
59,55.94444613147097,-3.1860386324476515,55.944394037017666,-3.1857431901217477,atoms.vanish.foods
60,55.944394037017666,-3.1857431901217477,55.94413422939653,-3.1855931901217476,manliness.poem.cliff
61,55.94413422939653,-3.1855931901217476,55.943904416063596,-3.185400353838842
62,55.943904416063596,-3.185400353838842,55.94371157978069,-3.185170540505906,hello.love.keys
63,55.94371157978069,-3.185170540505906,55.94399348756693,-3.1850679344629085
64,55.94399348756693,-3.1850679344629085,55.944288929892835,-3.1850158400096085
65,55.944288929892835,-3.1850158400096085,55.94457083767907,-3.184913233966611,slide.leads.stores
66,55.94457083767907,-3.184913233966611,55.94483064530021,-3.1847632339666108
67,55.94483064530021,-3.1847632339666108,55.94509045292134,-3.1846132339666107
68,55.94509045292134,-3.1846132339666107,55.945350260542476,-3.1844632339666106,settle.title.united
69,55.945350260542476,-3.1844632339666106,55.94554309682538,-3.1846930472995463
70,55.94554309682538,-3.1846930472995463,55.94573593310829,-3.184922860632482,rider.aura.bulb
71,55.94573593310829,-3.184922860632482,55.94573593310829,-3.185222860632482
72,55.94573593310829,-3.185222860632482,55.94573593310829,-3.1855228606324824,shed.desire.muddy
73,55.94573593310829,-3.1855228606324824,55.94550611977535,-3.185715696915388
74,55.94550611977535,-3.185715696915388,55.945276306442416,-3.185908533198294
75,55.945276306442416,-3.185908533198294,55.94504649310948,-3.1861013694811997
76,55.94504649310948,-3.1861013694811997,55.944816679776544,-3.1862942057641055
77,55.944816679776544,-3.1862942057641055,55.94451667977654,-3.1862942057641055
78,55.94451667977654,-3.1862942057641055,55.944286866443605,-3.1861013694811997
79,55.944286866443605,-3.1861013694811997,55.9440940301607,-3.1863311828141354
80,55.9440940301607,-3.1863311828141354,55.944041935707396,-3.1866266251400392
81,55.944041935707396,-3.1866266251400392,55.943989841254094,-3.186922067465943,renew.ears.tend
82,55.943989841254094,-3.186922067465943,55.94373003363296,-3.187072067465943
83,55.94373003363296,-3.187072067465943,55.943470226011826,-3.1872220674659433
84,55.943470226011826,-3.1872220674659433,55.94321041839069,-3.1873720674659434
85,55.94321041839069,-3.1873720674659434,55.942980605057755,-3.187564903748849
86,55.942980605057755,-3.187564903748849,55.94272079743662,-3.1877149037488492,panic.squad.danger
87,55.94272079743662,-3.1877149037488492,55.94300270522286,-3.187817509791847
88,55.94300270522286,-3.187817509791847,55.9432846130091,-3.1879201158348445
89,55.9432846130091,-3.1879201158348445,55.943566520795336,-3.188022721877842
90,55.943566520795336,-3.188022721877842,55.943848428581575,-3.1881253279208397
91,55.943848428581575,-3.1881253279208397,55.94413033636781,-3.1882279339638373
92,55.94413033636781,-3.1882279339638373,55.94439014398895,-3.1883779339638374
