1,55.944425,-3.188396,55.944322393957,-3.1881140922137643
2,55.944322393957,-3.1881140922137643,55.944219787914,-3.1878321844275286
3,55.944219787914,-3.1878321844275286,55.944117181871,-3.187550276641293,bound.ends.matter
4,55.944117181871,-3.187550276641293,55.94382173954509,-3.187498182187993,begins.spider.drips
5,55.94382173954509,-3.187498182187993,55.943671739545096,-3.1877579898091284
6,55.943671739545096,-3.1877579898091284,55.94347890326219,-3.187987803142064,scare.cubs.resort
7,55.94347890326219,-3.187987803142064,55.94319699547595,-3.1878851970990665
8,55.94319699547595,-3.1878851970990665,55.94291508768971,-3.187782591056069,panic.squad.danger
9,55.94291508768971,-3.187782591056069,55.94291508768971,-3.1874825910560687
10,55.94291508768971,-3.1874825910560687,55.94286299323641,-3.187187148730165,valve.elaborate.fortunate
11,55.94286299323641,-3.187187148730165,55.94291508768971,-3.186891706404261
12,55.94291508768971,-3.186891706404261,55.942967182143015,-3.186596264078357
13,55.942967182143015,-3.186596264078357,55.94301927659632,-3.1863008217524533
14,55.94301927659632,-3.1863008217524533,55.94301927659632,-3.186000821752453
15,55.94301927659632,-3.186000821752453,55.94307137104962,-3.1857053794265493,toned.deflection.bland
16,55.94307137104962,-3.1857053794265493,55.94337137104962,-3.1857053794265493
17,55.94337137104962,-3.1857053794265493,55.943671371049625,-3.1857053794265493
18,55.943671371049625,-3.1857053794265493,55.94397137104963,-3.1857053794265493
19,55.94397137104963,-3.1857053794265493,55.944266813375535,-3.1856532849732493,atoms.vanish.foods
20,55.944266813375535,-3.1856532849732493,55.94441681337553,-3.185913092594385
21,55.94441681337553,-3.185913092594385,55.94456681337553,-3.1861729002155204
22,55.94456681337553,-3.1861729002155204,55.94466941941853,-3.186454808001756,rated.fired.crowds
23,55.94466941941853,-3.186454808001756,55.94481941941853,-3.1867146156228916
24,55.94481941941853,-3.1867146156228916,55.94511941941853,-3.1867146156228916,dragon.bottle.crisp
25,55.94511941941853,-3.1867146156228916,55.945379227039666,-3.1868646156228917,spent.spoon.bolt
26,55.945379227039666,-3.1868646156228917,55.945529227039664,-3.186604808001756
27,55.945529227039664,-3.186604808001756,55.94572206332257,-3.1863749946688205,posts.kicked.universally
28,55.94572206332257,-3.1863749946688205,55.94587206332257,-3.186115187047685
29,55.94587206332257,-3.186115187047685,55.946022063322566,-3.1858553794265494,renew.slows.basket
30,55.946022063322566,-3.1858553794265494,55.94587206332257,-3.185595571805414
31,55.94587206332257,-3.185595571805414,55.94572206332257,-3.1853357641842783
32,55.94572206332257,-3.1853357641842783,55.94557206332257,-3.185075956563143
33,55.94557206332257,-3.185075956563143,55.945422063322575,-3.1848161489420073
34,55.945422063322575,-3.1848161489420073,55.945319457279574,-3.1845342411557716,settle.title.united
35,55.945319457279574,-3.1845342411557716,55.94502401495367,-3.1844821467024715,sports.topic.clocks
36,55.94502401495367,-3.1844821467024715,55.94487401495367,-3.184741954323607
37,55.94487401495367,-3.184741954323607,55.94468117867076,-3.1849717676565428,slide.leads.stores
38,55.94468117867076,-3.1849717676565428,55.944399270884524,-3.184869161613545
39,55.944399270884524,-3.184869161613545,55.944117363098286,-3.1847665555705476
40,55.944117363098286,-3.1847665555705476,55.94383545531205,-3.18466394952755,rider.mile.lime
41,55.94383545531205,-3.18466394952755,55.94388754976535,-3.184959391853454
42,55.94388754976535,-3.184959391853454,55.94393964421865,-3.1852548341793576
43,55.94393964421865,-3.1852548341793576,55.94404225026165,-3.1855367419655933
44,55.94404225026165,-3.1855367419655933,55.944094344714955,-3.185832184291497
45,55.944094344714955,-3.185832184291497,55.944196950757956,-3.186114092077733
46,55.944196950757956,-3.186114092077733,55.944094344714955,-3.1863959998639686
47,55.944094344714955,-3.1863959998639686,55.94404225026165,-3.1866914421898724
48,55.94404225026165,-3.1866914421898724,55.94404225026165,-3.1869914421898726
49,55.94404225026165,-3.1869914421898726,55.94430205788279,-3.1871414421898727
50,55.94430205788279,-3.1871414421898727,55.94453187121572,-3.1873342784727785,only.fairly.rift
51,55.94453187121572,-3.1873342784727785,55.94453187121572,-3.1876342784727787
52,55.94453187121572,-3.1876342784727787,55.94468187121572,-3.1878940860939142
53,55.94468187121572,-3.1878940860939142,55.94483187121572,-3.1881538937150498
54,55.94483187121572,-3.1881538937150498,55.94498187121572,-3.1884137013361853
55,55.94498187121572,-3.1884137013361853,55.945131871215715,-3.188673508957321,rooms.lamp.teach
56,55.945131871215715,-3.188673508957321,55.94541377900195,-3.1887761150003184
57,55.94541377900195,-3.1887761150003184,55.94569568678819,-3.188878721043316,stops.else.chats
58,55.94569568678819,-3.188878721043316,55.945747781241494,-3.188583278717412,bend.tubes.chops
59,55.945747781241494,-3.188583278717412,55.94569568678819,-3.188878721043316
60,55.94569568678819,-3.188878721043316,55.94569568678819,-3.1891787210433162,museum.spicy.horns
61,55.94569568678819,-3.1891787210433162,55.94559308074519,-3.189460628829552
62,55.94559308074519,-3.189460628829552,55.94549047470219,-3.1897425366157877
63,55.94549047470219,-3.1897425366157877,55.94538786865919,-3.1900244444020234
64,55.94538786865919,-3.1900244444020234,55.94528526261619,-3.190306352188259
65,55.94528526261619,-3.190306352188259,55.94518265657319,-3.190588259974495
66,55.94518265657319,-3.190588259974495,55.94508005053019,-3.1908701677607305,shapes.sheep.nature
67,55.94508005053019,-3.1908701677607305,55.945361958316425,-3.190972773803728
68,55.945361958316425,-3.190972773803728,55.945643866102664,-3.1910753798467257
69,55.945643866102664,-3.1910753798467257,55.94593930842857,-3.1911274743000257,simple.rust.audio
70,55.94593930842857,-3.1911274743000257,55.94563930842857,-3.1911274743000257
71,55.94563930842857,-3.1911274743000257,55.945339308428565,-3.1911274743000257
72,55.945339308428565,-3.1911274743000257,55.94503930842856,-3.1911274743000257
73,55.94503930842856,-3.1911274743000257,55.94473930842856,-3.1911274743000257
74,55.94473930842856,-3.1911274743000257,55.94443930842856,-3.1911274743000257
75,55.94443930842856,-3.1911274743000257,55.944139308428554,-3.1911274743000257
76,55.944139308428554,-3.1911274743000257,55.94383930842855,-3.1911274743000257,spicy.bunch.shady
77,55.94383930842855,-3.1911274743000257,55.94353930842855,-3.1911274743000257,loaf.cheer.slave
78,55.94353930842855,-3.1911274743000257,55.94330949509561,-3.19093463801712
79,55.94330949509561,-3.19093463801712,55.943079681762676,-3.190741801734214,relate.chill.vest
80,55.943079681762676,-3.190741801734214,55.94322968176267,-3.1904819941130786
81,55.94322968176267,-3.1904819941130786,55.94342251804558,-3.190252180780143,arts.dish.scarcely
82,55.94342251804558,-3.190252180780143,55.94371796037149,-3.190304275233443,sculpture.shot.melon
83,55.94371796037149,-3.190304275233443,55.94397776799262,-3.190454275233443,pump.wheels.hulk
84,55.94397776799262,-3.190454275233443,55.94382776799262,-3.1901944676123075
85,55.94382776799262,-3.1901944676123075,55.94372516194962,-3.189912559826072
86,55.94372516194962,-3.189912559826072,55.94362255590662,-3.189630652039836,cars.attend.hotels
87,55.94362255590662,-3.189630652039836,55.94336274828549,-3.189480652039836
88,55.94336274828549,-3.189480652039836,55.94310294066435,-3.189330652039836,region.passes.pencil
89,55.94310294066435,-3.189330652039836,55.94300033462135,-3.1896125598260716
90,55.94300033462135,-3.1896125598260716,55.94289772857835,-3.1898944676123073,second.launch.miles
91,55.94289772857835,-3.1898944676123073,55.94309056486126,-3.1896646542793716
92,55.94309056486126,-3.1896646542793716,55.943240564861256,-3.189404846658236
93,55.943240564861256,-3.189404846658236,55.94343340114416,-3.1891750333253004
94,55.94343340114416,-3.1891750333253004,55.94358340114416,-3.188915225704165,labels.hotels.alert
95,55.94358340114416,-3.188915225704165,55.943843208765294,-3.1887652257041648
96,55.943843208765294,-3.1887652257041648,55.94410301638643,-3.1886152257041647
97,55.94410301638643,-3.1886152257041647,55.94436282400756,-3.1884652257041646
