1,55.944425,-3.188396,55.944425,-3.188096
2,55.944425,-3.188096,55.9443729055467,-3.187800557674096,thank.salsa.brain
3,55.9443729055467,-3.187800557674096,55.944113097925566,-3.187650557674096,bound.ends.matter
4,55.944113097925566,-3.187650557674096,55.9443429112585,-3.18745772139119
5,55.9443429112585,-3.18745772139119,55.94453574754141,-3.1872279080582544,only.fairly.rift
6,55.94453574754141,-3.1872279080582544,55.94453574754141,-3.186927908058254,artist.gets.react
7,55.94453574754141,-3.186927908058254,55.944728583824315,-3.1866980947253185
8,55.944728583824315,-3.1866980947253185,55.94492142010722,-3.186927908058254
9,55.94492142010722,-3.186927908058254,55.94462142010722,-3.186927908058254
10,55.94462142010722,-3.186927908058254,55.944814256390124,-3.1866980947253185,laws.merit.bleak
11,55.944814256390124,-3.1866980947253185,55.944664256390126,-3.186957902346454
12,55.944664256390126,-3.186957902346454,55.944612161936824,-3.187253344672358
13,55.944612161936824,-3.187253344672358,55.94456006748352,-3.1875487869982617
14,55.94456006748352,-3.1875487869982617,55.944612161936824,-3.1878442293241656
15,55.944612161936824,-3.1878442293241656,55.94487196955796,-3.1879942293241657
16,55.94487196955796,-3.1879942293241657,55.94513177717909,-3.1881442293241657
17,55.94513177717909,-3.1881442293241657,55.94541368496533,-3.1882468353671634,skills.less.herb
18,55.94541368496533,-3.1882468353671634,55.94541368496533,-3.1885468353671635
19,55.94541368496533,-3.1885468353671635,55.94546577941863,-3.1888422776930674,shady.soft.phones
20,55.94546577941863,-3.1888422776930674,55.94576122174454,-3.1888943721463674,stops.else.chats
21,55.94576122174454,-3.1888943721463674,55.9454793139583,-3.188996978189365
22,55.9454793139583,-3.188996978189365,55.94521950633717,-3.189146978189365,number.exist.rate
23,55.94521950633717,-3.189146978189365,55.94532211238017,-3.189428885975601
24,55.94532211238017,-3.189428885975601,55.94542471842317,-3.1897107937618365,turkey.limit.ramp
25,55.94542471842317,-3.1897107937618365,55.94570662620941,-3.189813399804834
26,55.94570662620941,-3.189813399804834,55.945988533995646,-3.1899160058478317,love.behind.orchestra
27,55.945988533995646,-3.1899160058478317,55.945885927952645,-3.1901979136340675
28,55.945885927952645,-3.1901979136340675,55.94573592795265,-3.190457721255203
29,55.94573592795265,-3.190457721255203,55.945633321909646,-3.1907396290414387
30,55.945633321909646,-3.1907396290414387,55.94548332190965,-3.1909994366625742
31,55.94548332190965,-3.1909994366625742,55.94533332190965,-3.1912592442837098
32,55.94533332190965,-3.1912592442837098,55.94523071586665,-3.1915411520699455,hills.feels.tunes
33,55.94523071586665,-3.1915411520699455,55.944970908245516,-3.1913911520699454
34,55.944970908245516,-3.1913911520699454,55.94471110062438,-3.1912411520699453
35,55.94471110062438,-3.1912411520699453,55.94445129300325,-3.191091152069945,paying.crowd.weep
36,55.94445129300325,-3.191091152069945,55.944151293003245,-3.191091152069945
37,55.944151293003245,-3.191091152069945,55.94385585067734,-3.191143246523245,spicy.bunch.shady
38,55.94385585067734,-3.191143246523245,55.94375324463434,-3.1908613387370095
39,55.94375324463434,-3.1908613387370095,55.94360324463434,-3.190601531115874
40,55.94360324463434,-3.190601531115874,55.94350063859134,-3.1903196233296383,arts.dish.scarcely
41,55.94350063859134,-3.1903196233296383,55.9432187308051,-3.190422229372636
42,55.9432187308051,-3.190422229372636,55.94293682301886,-3.1905248354156335,tonic.bliss.cove
43,55.94293682301886,-3.1905248354156335,55.94283421697586,-3.190806743201869
44,55.94283421697586,-3.190806743201869,55.94278212252256,-3.191102185527773,along.spill.limp
45,55.94278212252256,-3.191102185527773,55.94283421697586,-3.190806743201869
46,55.94283421697586,-3.190806743201869,55.94288631142916,-3.1905113008759654
47,55.94288631142916,-3.1905113008759654,55.942938405882465,-3.1902158585500615
48,55.942938405882465,-3.1902158585500615,55.94299050033577,-3.1899204162241577
49,55.94299050033577,-3.1899204162241577,55.94304259478907,-3.189624973898254
50,55.94304259478907,-3.189624973898254,55.94304259478907,-3.1893249738982536
51,55.94304259478907,-3.1893249738982536,55.94309468924237,-3.18902953157235
52,55.94309468924237,-3.18902953157235,55.94309468924237,-3.1887295315723496,groups.ideas.script
53,55.94309468924237,-3.1887295315723496,55.943146783695674,-3.188434089246446
54,55.943146783695674,-3.188434089246446,55.943198878148976,-3.188138646920542
55,55.943198878148976,-3.188138646920542,55.943198878148976,-3.1878386469205418,gums.clock.modes
56,55.943198878148976,-3.1878386469205418,55.943146783695674,-3.187543204594638
57,55.943146783695674,-3.187543204594638,55.94309468924237,-3.187247762268734
58,55.94309468924237,-3.187247762268734,55.94304259478907,-3.1869523199428302
59,55.94304259478907,-3.1869523199428302,55.94299050033577,-3.1866568776169264
60,55.94299050033577,-3.1866568776169264,55.942938405882465,-3.1863614352910226,hers.banks.goat
61,55.942938405882465,-3.1863614352910226,55.94299050033577,-3.1860659929651187
62,55.94299050033577,-3.1860659929651187,55.94304259478907,-3.185770550639215,toned.deflection.bland
63,55.94304259478907,-3.185770550639215,55.94334259478907,-3.185770550639215
64,55.94334259478907,-3.185770550639215,55.94363803711498,-3.185822645092515,record.sofa.sock
65,55.94363803711498,-3.185822645092515,55.94393347944089,-3.185770550639215
66,55.94393347944089,-3.185770550639215,55.94422892176679,-3.185718456185915,atoms.vanish.foods
67,55.94422892176679,-3.185718456185915,55.94412631572379,-3.185436548399679
68,55.94412631572379,-3.185436548399679,55.94402370968079,-3.1851546406134434
69,55.94402370968079,-3.1851546406134434,55.94392110363779,-3.1848727328272077
70,55.94392110363779,-3.1848727328272077,55.94386900918449,-3.184577290501304,rider.mile.lime
71,55.94386900918449,-3.184577290501304,55.94358710139825,-3.1846798965443015
72,55.94358710139825,-3.1846798965443015,55.94330519361201,-3.184782502587299,brings.remedy.latter
73,55.94330519361201,-3.184782502587299,55.94360063593792,-3.184730408133999
74,55.94360063593792,-3.184730408133999,55.943896078263826,-3.184678313680699
75,55.943896078263826,-3.184678313680699,55.94419152058973,-3.184626219227399
76,55.94419152058973,-3.184626219227399,55.94448696291564,-3.184574124774099
77,55.94448696291564,-3.184574124774099,55.94478696291564,-3.184574124774099
78,55.94478696291564,-3.184574124774099,55.94508240524155,-3.184522030320799
79,55.94508240524155,-3.184522030320799,55.94538240524155,-3.184522030320799,settle.title.united
80,55.94538240524155,-3.184522030320799,55.94557524152446,-3.1847518436537348
81,55.94557524152446,-3.1847518436537348,55.945805054857395,-3.1849446799366405,rider.aura.bulb
82,55.945805054857395,-3.1849446799366405,55.9459978911403,-3.1851744932695762
83,55.9459978911403,-3.1851744932695762,55.94619072742321,-3.185404306602512,prime.rent.silk
84,55.94619072742321,-3.185404306602512,55.94608812138021,-3.1856862143887477,renew.slows.basket
85,55.94608812138021,-3.1856862143887477,55.94593812138021,-3.185946022009883
86,55.94593812138021,-3.185946022009883,55.94578812138021,-3.1862058296310187,posts.kicked.universally
87,55.94578812138021,-3.1862058296310187,55.94573602692691,-3.1865012719569226
88,55.94573602692691,-3.1865012719569226,55.94563342088391,-3.1867831797431583,hidden.handle.softly
89,55.94563342088391,-3.1867831797431583,55.94540360755097,-3.186976016026064,spent.spoon.bolt
90,55.94540360755097,-3.186976016026064,55.94563342088391,-3.18716885230897
91,55.94563342088391,-3.18716885230897,55.945863234216844,-3.1873616885918756,slips.mass.baking
92,55.945863234216844,-3.1873616885918756,55.94563342088391,-3.1875545248747814
93,55.94563342088391,-3.1875545248747814,55.94553081484091,-3.1872726170885457
94,55.94553081484091,-3.1872726170885457,55.94558290929421,-3.186977174762642
95,55.94558290929421,-3.186977174762642,55.94530100150797,-3.1868745687196443
96,55.94530100150797,-3.1868745687196443,55.945071188175035,-3.1866817324367385
97,55.945071188175035,-3.1866817324367385,55.94477118817503,-3.1866817324367385
98,55.94477118817503,-3.1866817324367385,55.94466858213203,-3.186963640222974
99,55.94466858213203,-3.186963640222974,55.94461648767873,-3.187259082548878
100,55.94461648767873,-3.187259082548878,55.94456439322543,-3.187554524874782
101,55.94456439322543,-3.187554524874782,55.944512298772125,-3.1878499672006857
102,55.944512298772125,-3.1878499672006857,55.94446020431882,-3.1881454095265895
103,55.94446020431882,-3.1881454095265895,55.94440810986552,-3.1884408518524934