1,55.944425,-3.1838,55.944477094453305,-3.184095442325904
2,55.944477094453305,-3.184095442325904,55.94452918890661,-3.184390884651808
3,55.94452918890661,-3.184390884651808,55.94452918890661,-3.184690884651808
4,55.94452918890661,-3.184690884651808,55.94458128335991,-3.184986326977712
5,55.94458128335991,-3.184986326977712,55.94458128335991,-3.185286326977712,acid.chair.butter
6,55.94458128335991,-3.185286326977712,55.94429937557367,-3.1853889330207097
7,55.94429937557367,-3.1853889330207097,55.94401746778743,-3.1854915390637073,manliness.poem.cliff
8,55.94401746778743,-3.1854915390637073,55.94412007383043,-3.185773446849943
9,55.94412007383043,-3.185773446849943,55.944222679873434,-3.1860553546361787,organs.shape.fantastic
10,55.944222679873434,-3.1860553546361787,55.943940772087196,-3.185952748593181
11,55.943940772087196,-3.185952748593181,55.94365886430096,-3.1858501425501835
12,55.94365886430096,-3.1858501425501835,55.94337695651472,-3.185747536507186
13,55.94337695651472,-3.185747536507186,55.94309504872848,-3.1856449304641883,toned.deflection.bland
14,55.94309504872848,-3.1856449304641883,55.94304295427518,-3.185940372790092
15,55.94304295427518,-3.185940372790092,55.942990859821876,-3.186235815115996,hers.banks.goat
16,55.942990859821876,-3.186235815115996,55.94304295427518,-3.1865312574419
17,55.94304295427518,-3.1865312574419,55.943192954275176,-3.1867910650630353
18,55.943192954275176,-3.1867910650630353,55.94338579055808,-3.187020878395971
19,55.94338579055808,-3.187020878395971,55.94353579055808,-3.1872806860171066,shut.stands.media
20,55.94353579055808,-3.1872806860171066,55.94338579055808,-3.187540493638242
21,55.94338579055808,-3.187540493638242,55.943235790558084,-3.1878003012593776,gums.clock.modes
22,55.943235790558084,-3.1878003012593776,55.94294034823218,-3.1877482068060776,panic.squad.danger
23,55.94294034823218,-3.1877482068060776,55.943222256018416,-3.1878508128490752
24,55.943222256018416,-3.1878508128490752,55.94348206363955,-3.1880008128490753
25,55.94348206363955,-3.1880008128490753,55.94376397142579,-3.188103418892073,cubs.trucks.help
26,55.94376397142579,-3.188103418892073,55.943956807708695,-3.1878736055591372
27,55.943956807708695,-3.1878736055591372,55.9441496439916,-3.1876437922262015,bound.ends.matter
28,55.9441496439916,-3.1876437922262015,55.94443155177784,-3.187746398269199
29,55.94443155177784,-3.187746398269199,55.94469135939897,-3.1878963982691992,hurt.green.filer
30,55.94469135939897,-3.1878963982691992,55.94484135939897,-3.1881562058903348
31,55.94484135939897,-3.1881562058903348,55.94499135939897,-3.1884160135114703
32,55.94499135939897,-3.1884160135114703,55.94514135939897,-3.188675821132606,rooms.lamp.teach
33,55.94514135939897,-3.188675821132606,55.945089264945665,-3.1889712634585097
34,55.945089264945665,-3.1889712634585097,55.945089264945665,-3.18927126345851,number.exist.rate
35,55.945089264945665,-3.18927126345851,55.944807357159426,-3.1891686574155123
36,55.944807357159426,-3.1891686574155123,55.94451191483352,-3.1891165629622122
37,55.94451191483352,-3.1891165629622122,55.94423000704728,-3.1890139569192146
38,55.94423000704728,-3.1890139569192146,55.943934564721374,-3.1889618624659146,noted.friday.jams
39,55.943934564721374,-3.1889618624659146,55.94388247026807,-3.1892573047918185
40,55.94388247026807,-3.1892573047918185,55.94383037581477,-3.1895527471177223,burn.spot.across
41,55.94383037581477,-3.1895527471177223,55.94360056248183,-3.189745583400628
42,55.94360056248183,-3.189745583400628,55.9433707491489,-3.189938419683534
43,55.9433707491489,-3.189938419683534,55.94311094152776,-3.190088419683534,shows.fries.lamp
44,55.94311094152776,-3.190088419683534,55.94288112819483,-3.189895583400628,second.launch.miles
45,55.94288112819483,-3.189895583400628,55.94262132057369,-3.189745583400628,hooked.shine.third
46,55.94262132057369,-3.189745583400628,55.9429167628996,-3.189693488947328
47,55.9429167628996,-3.189693488947328,55.9429688573529,-3.1893980466214242,region.passes.pencil
48,55.9429688573529,-3.1893980466214242,55.943020951806204,-3.189693488947328
49,55.943020951806204,-3.189693488947328,55.943020951806204,-3.1899934889473283
50,55.943020951806204,-3.1899934889473283,55.94307304625951,-3.190288931273232
51,55.94307304625951,-3.190288931273232,55.94307304625951,-3.1905889312732323,relate.chill.vest
52,55.94307304625951,-3.1905889312732323,55.94307304625951,-3.1908889312732325
53,55.94307304625951,-3.1908889312732325,55.94307304625951,-3.1911889312732327,else.urban.museum
54,55.94307304625951,-3.1911889312732327,55.94337304625951,-3.1911889312732327
55,55.94337304625951,-3.1911889312732327,55.943668488585416,-3.1911368368199327
56,55.943668488585416,-3.1911368368199327,55.94396848858542,-3.1911368368199327
57,55.94396848858542,-3.1911368368199327,55.944263930911326,-3.1910847423666326,hills.giant.crate
58,55.944263930911326,-3.1910847423666326,55.94455937323723,-3.1910326479133326,paying.crowd.weep
59,55.94455937323723,-3.1910326479133326,55.944859373237236,-3.1910326479133326
60,55.944859373237236,-3.1910326479133326,55.94515937323724,-3.1910326479133326,maple.limit.hotels
61,55.94515937323724,-3.1910326479133326,55.94515937323724,-3.191332647913333
62,55.94515937323724,-3.191332647913333,55.94521146769054,-3.1916280902392367,hills.feels.tunes
63,55.94521146769054,-3.1916280902392367,55.94515937323724,-3.1919235325651405
64,55.94515937323724,-3.1919235325651405,55.94510727878394,-3.1922189748910443,useful.hike.trades
65,55.94510727878394,-3.1922189748910443,55.94530011506684,-3.1919891615581086
66,55.94530011506684,-3.1919891615581086,55.94549295134975,-3.191759348225173
67,55.94549295134975,-3.191759348225173,55.945685787632655,-3.1915295348922372
68,55.945685787632655,-3.1915295348922372,55.94587862391556,-3.1912997215593015,simple.rust.audio
69,55.94587862391556,-3.1912997215593015,55.94559671612932,-3.191197115516304
70,55.94559671612932,-3.191197115516304,55.945314808343085,-3.1910945094733063
71,55.945314808343085,-3.1910945094733063,55.94505500072195,-3.190944509473306
72,55.94505500072195,-3.190944509473306,55.94477309293571,-3.1908419034303086
73,55.94477309293571,-3.1908419034303086,55.94451328531458,-3.1906919034303085
74,55.94451328531458,-3.1906919034303085,55.944253477693444,-3.1905419034303084
75,55.944253477693444,-3.1905419034303084,55.943971569907205,-3.190439297387311,pump.wheels.hulk
76,55.943971569907205,-3.190439297387311,55.944074175950206,-3.190157389601075
77,55.944074175950206,-3.190157389601075,55.94417678199321,-3.1898754818148394
78,55.94417678199321,-3.1898754818148394,55.94427938803621,-3.1895935740286037
79,55.94427938803621,-3.1895935740286037,55.94438199407921,-3.189311666242368
80,55.94438199407921,-3.189311666242368,55.94448460012221,-3.1890297584561322
81,55.94448460012221,-3.1890297584561322,55.94458720616521,-3.1887478506698965
82,55.94458720616521,-3.1887478506698965,55.94468981220821,-3.188465942883661
83,55.94468981220821,-3.188465942883661,55.94483981220821,-3.1882061352625253
84,55.94483981220821,-3.1882061352625253,55.94494241825121,-3.1879242274762896
85,55.94494241825121,-3.1879242274762896,55.94522432603745,-3.188026833519287
86,55.94522432603745,-3.188026833519287,55.945506233823686,-3.188129439562285
87,55.945506233823686,-3.188129439562285,55.945506233823686,-3.1878294395622846
88,55.945506233823686,-3.1878294395622846,55.945506233823686,-3.1875294395622844
89,55.945506233823686,-3.1875294395622844,55.94555832827699,-3.1872339972363806
90,55.94555832827699,-3.1872339972363806,55.94555832827699,-3.1869339972363804,spent.spoon.bolt
91,55.94555832827699,-3.1869339972363804,55.94566093431999,-3.1866520894501447,hidden.handle.softly
92,55.94566093431999,-3.1866520894501447,55.94576354036299,-3.186370181663909,posts.kicked.universally
93,55.94576354036299,-3.186370181663909,55.94586614640599,-3.1860882738776732
94,55.94586614640599,-3.1860882738776732,55.94596875244899,-3.1858063660914375
95,55.94596875244899,-3.1858063660914375,55.94607135849199,-3.185524458305202
96,55.94607135849199,-3.185524458305202,55.94617396453499,-3.185242550518966,prime.rent.silk
97,55.94617396453499,-3.185242550518966,55.945878522209085,-3.185190456065666
98,55.945878522209085,-3.185190456065666,55.94558307988318,-3.185138361612366
99,55.94558307988318,-3.185138361612366,55.94528763755727,-3.185086267159066
100,55.94528763755727,-3.185086267159066,55.944992195231364,-3.185034172705766
101,55.944992195231364,-3.185034172705766,55.94469675290546,-3.184982078252466
102,55.94469675290546,-3.184982078252466,55.94440131057955,-3.184929983799166
103,55.94440131057955,-3.184929983799166,55.944105868253644,-3.184877889345866
104,55.944105868253644,-3.184877889345866,55.94381042592774,-3.184825794892566
105,55.94381042592774,-3.184825794892566,55.943510425927734,-3.184825794892566
106,55.943510425927734,-3.184825794892566,55.94321498360183,-3.184773700439266
107,55.94321498360183,-3.184773700439266,55.94291954127592,-3.184721605985966,courier.assume.bill
108,55.94291954127592,-3.184721605985966,55.943179348897054,-3.184571605985966
109,55.943179348897054,-3.184571605985966,55.94343915651819,-3.184421605985966
110,55.94343915651819,-3.184421605985966,55.94369896413932,-3.1842716059859657
111,55.94369896413932,-3.1842716059859657,55.94395877176046,-3.1841216059859656
112,55.94395877176046,-3.1841216059859656,55.94418858509339,-3.18392876970306
113,55.94418858509339,-3.18392876970306,55.94444839271453,-3.1837787697030597
