1,55.944425,-3.1838,55.944275000000005,-3.1840598076211357
2,55.944275000000005,-3.1840598076211357,55.94412500000001,-3.1843196152422713
3,55.94412500000001,-3.1843196152422713,55.9439321637171,-3.184549428575207,rider.mile.lime
4,55.9439321637171,-3.184549428575207,55.943702350384164,-3.1847422648581127
5,55.943702350384164,-3.1847422648581127,55.94347253705123,-3.1849351011410185,sentences.sings.modern
6,55.94347253705123,-3.1849351011410185,55.94319062926499,-3.184832495098021,courier.assume.bill
7,55.94319062926499,-3.184832495098021,55.94313853481169,-3.1851279374239247
8,55.94313853481169,-3.1851279374239247,55.943086440358385,-3.1854233797498286,toned.deflection.bland
9,55.943086440358385,-3.1854233797498286,55.94331625369132,-3.1856162160327344
10,55.94331625369132,-3.1856162160327344,55.94354606702426,-3.18580905231564,record.sofa.sock
11,55.94354606702426,-3.18580905231564,55.943738903307164,-3.186038865648576
12,55.943738903307164,-3.186038865648576,55.94388890330716,-3.1862986732697114
13,55.94388890330716,-3.1862986732697114,55.94408173959007,-3.186528486602647,lime.learns.front
14,55.94408173959007,-3.186528486602647,55.944029645136766,-3.186823928928551,renew.ears.tend
15,55.944029645136766,-3.186823928928551,55.94408173959007,-3.1871193712544548
16,55.94408173959007,-3.1871193712544548,55.94393173959007,-3.1873791788755903,begins.spider.drips
17,55.94393173959007,-3.1873791788755903,55.94363173959007,-3.1873791788755903,shut.stands.media
18,55.94363173959007,-3.1873791788755903,55.9438915472112,-3.1875291788755904
19,55.9438915472112,-3.1875291788755904,55.94417345499744,-3.187631784918588,bound.ends.matter
20,55.94417345499744,-3.187631784918588,55.94445536278368,-3.1877343909615856
21,55.94445536278368,-3.1877343909615856,55.94471517040481,-3.1878843909615857,hurt.green.filer
22,55.94471517040481,-3.1878843909615857,55.945015170404815,-3.1878843909615857
23,55.945015170404815,-3.1878843909615857,55.94524498373775,-3.1880772272444915
24,55.94524498373775,-3.1880772272444915,55.94547479707069,-3.1882700635273973
25,55.94547479707069,-3.1882700635273973,55.94573460469182,-3.1884200635273974,bend.tubes.chops
26,55.94573460469182,-3.1884200635273974,55.945541768408916,-3.188649876860333,shady.soft.phones
27,55.945541768408916,-3.188649876860333,55.94559386286222,-3.188945319186237
28,55.94559386286222,-3.188945319186237,55.94564595731552,-3.1892407615121408,museum.spicy.horns
29,55.94564595731552,-3.1892407615121408,55.94535051498961,-3.1891886670588407
30,55.94535051498961,-3.1891886670588407,55.94505051498961,-3.1891886670588407,number.exist.rate
31,55.94505051498961,-3.1891886670588407,55.94520051498961,-3.1894484746799763
32,55.94520051498961,-3.1894484746799763,55.945393351272514,-3.189678288012912
33,55.945393351272514,-3.189678288012912,55.94554335127251,-3.1899380956340475,turkey.limit.ramp
34,55.94554335127251,-3.1899380956340475,55.945843351272515,-3.1899380956340475,love.behind.orchestra
35,55.945843351272515,-3.1899380956340475,55.94579125681921,-3.1902335379599513
36,55.94579125681921,-3.1902335379599513,55.94573916236591,-3.190528980285855
37,55.94573916236591,-3.190528980285855,55.94568706791261,-3.190824422611759
38,55.94568706791261,-3.190824422611759,55.945634973459306,-3.191119864937663,skins.engage.best
39,55.945634973459306,-3.191119864937663,55.9453395311334,-3.191067770484363
40,55.9453395311334,-3.191067770484363,55.94504408880749,-3.191015676031063,shapes.sheep.nature
41,55.94504408880749,-3.191015676031063,55.94504408880749,-3.191315676031063
42,55.94504408880749,-3.191315676031063,55.94504408880749,-3.191615676031063
43,55.94504408880749,-3.191615676031063,55.945096183260794,-3.191911118356967
44,55.945096183260794,-3.191911118356967,55.945096183260794,-3.1922111183569672,useful.hike.trades
45,55.945096183260794,-3.1922111183569672,55.94486636992786,-3.1920182820740615
46,55.94486636992786,-3.1920182820740615,55.94463655659492,-3.1918254457911557
47,55.94463655659492,-3.1918254457911557,55.94437674897379,-3.1916754457911556
48,55.94437674897379,-3.1916754457911556,55.94414693564085,-3.19148260950825
49,55.94414693564085,-3.19148260950825,55.943917122307916,-3.191289773225344
50,55.943917122307916,-3.191289773225344,55.94365731468678,-3.191139773225344,loaf.cheer.slave
51,55.94365731468678,-3.191139773225344,55.94355470864378,-3.190857865439108
52,55.94355470864378,-3.190857865439108,55.94340470864378,-3.1905980578179727
53,55.94340470864378,-3.1905980578179727,55.94330210260078,-3.190316150031737
54,55.94330210260078,-3.190316150031737,55.943152102600784,-3.1900563424106014,shows.fries.lamp
55,55.943152102600784,-3.1900563424106014,55.94310000814748,-3.1897609000846976
56,55.94310000814748,-3.1897609000846976,55.94304791369418,-3.1894654577587938
57,55.94304791369418,-3.1894654577587938,55.94299581924088,-3.18917001543289,region.passes.pencil
58,55.94299581924088,-3.18917001543289,55.94325562686201,-3.18932001543289
59,55.94325562686201,-3.18932001543289,55.943515434483146,-3.18947001543289
60,55.943515434483146,-3.18947001543289,55.94377524210428,-3.18962001543289
61,55.94377524210428,-3.18962001543289,55.944035049725414,-3.1897700154328903,cliff.asleep.wedge
62,55.944035049725414,-3.1897700154328903,55.943932443682414,-3.1894881076466546
63,55.943932443682414,-3.1894881076466546,55.94382983763941,-3.189206199860419
64,55.94382983763941,-3.189206199860419,55.94372723159641,-3.188924292074183
65,55.94372723159641,-3.188924292074183,55.943577231596414,-3.1886644844530476
66,55.943577231596414,-3.1886644844530476,55.943474625553414,-3.188382576666812
67,55.943474625553414,-3.188382576666812,55.94337201951041,-3.188100668880576
68,55.94337201951041,-3.188100668880576,55.943222019510415,-3.1878408612594407,gums.clock.modes
69,55.943222019510415,-3.1878408612594407,55.94307201951042,-3.187581053638305
70,55.94307201951042,-3.187581053638305,55.94292201951042,-3.1873212460171696
71,55.94292201951042,-3.1873212460171696,55.94277201951042,-3.187061438396034,strut.river.surely
72,55.94277201951042,-3.187061438396034,55.94306746183633,-3.187009343942734
73,55.94306746183633,-3.187009343942734,55.943362904162235,-3.186957249489434
74,55.943362904162235,-3.186957249489434,55.94365834648814,-3.186905155036134
75,55.94365834648814,-3.186905155036134,55.94395378881405,-3.186853060582834
76,55.94395378881405,-3.186853060582834,55.944183602146985,-3.18704589686574
77,55.944183602146985,-3.18704589686574,55.94444340976812,-3.18719589686574
78,55.94444340976812,-3.18719589686574,55.94459340976812,-3.1874557044868754
79,55.94459340976812,-3.1874557044868754,55.94459340976812,-3.1871557044868752
80,55.94459340976812,-3.1871557044868752,55.94459340976812,-3.186855704486875,artist.gets.react
81,55.94459340976812,-3.186855704486875,55.944823223101054,-3.1866628682039693,laws.merit.bleak
82,55.944823223101054,-3.1866628682039693,55.944673223101056,-3.186922675825105
83,55.944673223101056,-3.186922675825105,55.94462112864775,-3.1872181181510086
84,55.94462112864775,-3.1872181181510086,55.94456903419445,-3.1875135604769125
85,55.94456903419445,-3.1875135604769125,55.94456903419445,-3.1878135604769127
86,55.94456903419445,-3.1878135604769127,55.944869034194454,-3.1878135604769127
87,55.944869034194454,-3.1878135604769127,55.94512884181559,-3.1879635604769128
88,55.94512884181559,-3.1879635604769128,55.94538864943672,-3.188113560476913
89,55.94538864943672,-3.188113560476913,55.94558148571963,-3.187883747143977
90,55.94558148571963,-3.187883747143977,55.94552939126633,-3.1875883048180733
91,55.94552939126633,-3.1875883048180733,55.94552939126633,-3.187288304818073
92,55.94552939126633,-3.187288304818073,55.94558148571963,-3.1869928624921693,spent.spoon.bolt
93,55.94558148571963,-3.1869928624921693,55.945321678098495,-3.186842862492169,dragon.bottle.crisp
94,55.945321678098495,-3.186842862492169,55.94547167809849,-3.1865830548710337
95,55.94547167809849,-3.1865830548710337,55.9456645143814,-3.186353241538098
96,55.9456645143814,-3.186353241538098,55.9458145143814,-3.1860934339169624
97,55.9458145143814,-3.1860934339169624,55.9460073506643,-3.1858636205840267,renew.slows.basket
98,55.9460073506643,-3.1858636205840267,55.94577753733137,-3.185670784301121,shed.desire.muddy
99,55.94577753733137,-3.185670784301121,55.945674931288366,-3.1853888765148852
100,55.945674931288366,-3.1853888765148852,55.945572325245365,-3.1851069687286495
101,55.945572325245365,-3.1851069687286495,55.945469719202364,-3.184825060942414
102,55.945469719202364,-3.184825060942414,55.94531971920237,-3.1845652533212783,settle.title.united
103,55.94531971920237,-3.1845652533212783,55.94508990586943,-3.1843724170383725
104,55.94508990586943,-3.1843724170383725,55.944860092536494,-3.1841795807554667
105,55.944860092536494,-3.1841795807554667,55.94463027920356,-3.183986744472561
106,55.94463027920356,-3.183986744472561,55.94440046587062,-3.183793908189655
