1,55.944425,-3.188396,55.944575,-3.1881361923788645
2,55.944575,-3.1881361923788645,55.944725,-3.187876384757729,hurt.green.filer
3,55.944725,-3.187876384757729,55.94442955767409,-3.187824290304429,thank.salsa.brain
4,55.94442955767409,-3.187824290304429,55.94416975005296,-3.187674290304429
5,55.94416975005296,-3.187674290304429,55.94390994243182,-3.1875242903044287,begins.spider.drips
6,55.94390994243182,-3.1875242903044287,55.94380733638882,-3.1878061980906645
7,55.94380733638882,-3.1878061980906645,55.94370473034582,-3.1880881058769
8,55.94370473034582,-3.1880881058769,55.943554730345824,-3.1883479134980357
9,55.943554730345824,-3.1883479134980357,55.94345212430282,-3.1886298212842714,system.speak.guard
10,55.94345212430282,-3.1886298212842714,55.94371193192396,-3.1887798212842715
11,55.94371193192396,-3.1887798212842715,55.94394174525689,-3.1889726575671773,noted.friday.jams
12,55.94394174525689,-3.1889726575671773,55.94388965080359,-3.189268099893081
13,55.94388965080359,-3.189268099893081,55.94383755635029,-3.189563542218985,burn.spot.across
14,55.94383755635029,-3.189563542218985,55.94378546189699,-3.189858984544889
15,55.94378546189699,-3.189858984544889,55.943733367443684,-3.1901544268707926,sculpture.shot.melon
16,55.943733367443684,-3.1901544268707926,55.94343792511778,-3.1902065213240927,arts.dish.scarcely
17,55.94343792511778,-3.1902065213240927,55.943719832904016,-3.1903091273670903
18,55.943719832904016,-3.1903091273670903,55.94397964052515,-3.1904591273670904,pump.wheels.hulk
19,55.94397964052515,-3.1904591273670904,55.94382964052515,-3.190718934988226
20,55.94382964052515,-3.190718934988226,55.943679640525154,-3.1909787426093614,loaf.cheer.slave
21,55.943679640525154,-3.1909787426093614,55.943397732738916,-3.190876136566364
22,55.943397732738916,-3.190876136566364,55.94313792511778,-3.1907261365663637,relate.chill.vest
23,55.94313792511778,-3.1907261365663637,55.94308583066448,-3.1910215788922676,else.urban.museum
24,55.94308583066448,-3.1910215788922676,55.94298322462148,-3.190739671106032
25,55.94298322462148,-3.190739671106032,55.94288061857848,-3.190457763319796
26,55.94288061857848,-3.190457763319796,55.94277801253548,-3.1901758555335604
27,55.94277801253548,-3.1901758555335604,55.94267540649248,-3.1898939477473247,hooked.shine.third
28,55.94267540649248,-3.1898939477473247,55.94293521411361,-3.190043947747325
29,55.94293521411361,-3.190043947747325,55.943195021734745,-3.190193947747325
30,55.943195021734745,-3.190193947747325,55.94345482935588,-3.190343947747325
31,55.94345482935588,-3.190343947747325,55.94371463697701,-3.190493947747325
32,55.94371463697701,-3.190493947747325,55.94397444459815,-3.190643947747325
33,55.94397444459815,-3.190643947747325,55.94423425221928,-3.1907939477473253
34,55.94423425221928,-3.1907939477473253,55.944494059840416,-3.1909439477473254
35,55.944494059840416,-3.1909439477473254,55.94475386746155,-3.1910939477473255,estate.gave.votes
36,55.94475386746155,-3.1910939477473255,55.94504930978746,-3.1910418532940255
37,55.94504930978746,-3.1910418532940255,55.945344752113364,-3.1909897588407254,maple.limit.hotels
38,55.945344752113364,-3.1909897588407254,55.94553758839627,-3.191219572173661
39,55.94553758839627,-3.191219572173661,55.94573042467918,-3.191449385506597
40,55.94573042467918,-3.191449385506597,55.945880424679174,-3.1917091931277324
41,55.945880424679174,-3.1917091931277324,55.94607326096208,-3.191939006460668,stone.undulation.poems
42,55.94607326096208,-3.191939006460668,55.94607326096208,-3.191639006460668
43,55.94607326096208,-3.191639006460668,55.94607326096208,-3.1913390064606677
44,55.94607326096208,-3.1913390064606677,55.94607326096208,-3.1910390064606675
45,55.94607326096208,-3.1910390064606675,55.94607326096208,-3.1907390064606673
46,55.94607326096208,-3.1907390064606673,55.94607326096208,-3.190439006460667
47,55.94607326096208,-3.190439006460667,55.94602116650878,-3.1901435641347633,love.behind.orchestra
48,55.94602116650878,-3.1901435641347633,55.94591856046578,-3.1898616563485276
49,55.94591856046578,-3.1898616563485276,55.94576856046578,-3.189601848727392
50,55.94576856046578,-3.189601848727392,55.94566595442278,-3.1893199409411563,museum.spicy.horns
51,55.94566595442278,-3.1893199409411563,55.94581595442278,-3.189060133320021
52,55.94581595442278,-3.189060133320021,55.945965954422775,-3.1888003256988853
53,55.945965954422775,-3.1888003256988853,55.946068560465775,-3.1885184179126496,boost.radar.stress
54,55.946068560465775,-3.1885184179126496,55.94577311813987,-3.1884663234593495,bend.tubes.chops
55,55.94577311813987,-3.1884663234593495,55.945513310518734,-3.1883163234593495,skills.less.herb
56,55.945513310518734,-3.1883163234593495,55.94566331051873,-3.188056515838214
57,55.94566331051873,-3.188056515838214,55.94576591656173,-3.187774608051978
58,55.94576591656173,-3.187774608051978,55.94591591656173,-3.1875148004308427,slips.mass.baking
59,55.94591591656173,-3.1875148004308427,55.945686103228795,-3.187321964147937,diner.leaves.mutual
60,55.945686103228795,-3.187321964147937,55.945686103228795,-3.1870219641479367
61,55.945686103228795,-3.1870219641479367,55.94563400877549,-3.186726521822033,hidden.handle.softly
62,55.94563400877549,-3.186726521822033,55.94573661481849,-3.186444614035797,posts.kicked.universally
63,55.94573661481849,-3.186444614035797,55.94543661481849,-3.186444614035797
64,55.94543661481849,-3.186444614035797,55.94513661481849,-3.186444614035797
65,55.94513661481849,-3.186444614035797,55.94484117249258,-3.186392519582497,rated.fired.crowds
66,55.94484117249258,-3.186392519582497,55.94455926470634,-3.1862899135394995
67,55.94455926470634,-3.1862899135394995,55.94429945708521,-3.1861399135394994
68,55.94429945708521,-3.1861399135394994,55.94401754929897,-3.186037307496502,teams.mild.played
69,55.94401754929897,-3.186037307496502,55.94391494325597,-3.185755399710266
70,55.94391494325597,-3.185755399710266,55.94381233721297,-3.1854734919240304
71,55.94381233721297,-3.1854734919240304,55.94370973116997,-3.1851915841377947,hello.love.keys
72,55.94370973116997,-3.1851915841377947,55.94347991783703,-3.184998747854889,sentences.sings.modern
73,55.94347991783703,-3.184998747854889,55.94332991783703,-3.1852585554760244
74,55.94332991783703,-3.1852585554760244,55.943179917837035,-3.18551836309716
75,55.943179917837035,-3.18551836309716,55.94302991783704,-3.1857781707182955
76,55.94302991783704,-3.1857781707182955,55.94287991783704,-3.186037978339431
77,55.94287991783704,-3.186037978339431,55.94277731179404,-3.1863198861256667,under.retire.bump
78,55.94277731179404,-3.1863198861256667,55.94272521734074,-3.1866153284515706
79,55.94272521734074,-3.1866153284515706,55.942673122887435,-3.1869107707774744,strut.river.surely
80,55.942673122887435,-3.1869107707774744,55.94286595917034,-3.1866809574445387
81,55.94286595917034,-3.1866809574445387,55.94305879545325,-3.186451144111603
82,55.94305879545325,-3.186451144111603,55.94335879545325,-3.186451144111603
83,55.94335879545325,-3.186451144111603,55.943551631736156,-3.1862213307786673
84,55.943551631736156,-3.1862213307786673,55.94374446801906,-3.1859915174457316
85,55.94374446801906,-3.1859915174457316,55.94393730430197,-3.185761704112796
86,55.94393730430197,-3.185761704112796,55.944130140584875,-3.18553189077986
87,55.944130140584875,-3.18553189077986,55.94432297686778,-3.1853020774469245
88,55.94432297686778,-3.1853020774469245,55.94451581315069,-3.185072264113989
89,55.94451581315069,-3.185072264113989,55.94470864943359,-3.184842450781053
90,55.94470864943359,-3.184842450781053,55.94485864943359,-3.1845826431599176,sports.topic.clocks
91,55.94485864943359,-3.1845826431599176,55.945118457054726,-3.1847326431599177
92,55.945118457054726,-3.1847326431599177,55.94537826467586,-3.1848826431599178
93,55.94537826467586,-3.1848826431599178,55.945638072296994,-3.185032643159918
94,55.945638072296994,-3.185032643159918,55.94589787991813,-3.185182643159918
95,55.94589787991813,-3.185182643159918,55.94615768753926,-3.185332643159918,prime.rent.silk
96,55.94615768753926,-3.185332643159918,55.946007687539264,-3.1855924507810536
97,55.946007687539264,-3.1855924507810536,55.94585768753927,-3.185852258402189
98,55.94585768753927,-3.185852258402189,55.94570768753927,-3.1861120660233246
99,55.94570768753927,-3.1861120660233246,55.94555768753927,-3.18637187364446
100,55.94555768753927,-3.18637187364446,55.94540768753927,-3.1866316812655957
101,55.94540768753927,-3.1866316812655957,55.94514787991814,-3.186781681265596
102,55.94514787991814,-3.186781681265596,55.9449180665852,-3.18658884498269
103,55.9449180665852,-3.18658884498269,55.9446180665852,-3.18658884498269
104,55.9446180665852,-3.18658884498269,55.9445659721319,-3.186884287308594
105,55.9445659721319,-3.186884287308594,55.9445659721319,-3.187184287308594
106,55.9445659721319,-3.187184287308594,55.944513877678595,-3.187479729634498
107,55.944513877678595,-3.187479729634498,55.94446178322529,-3.1877751719604017
108,55.94446178322529,-3.1877751719604017,55.94446178322529,-3.188075171960402
109,55.94446178322529,-3.188075171960402,55.94440968877199,-3.1883706142863057
