1,55.944425,-3.188396,55.944425,-3.188096
2,55.944425,-3.188096,55.9443729055467,-3.187800557674096,thank.salsa.brain
3,55.9443729055467,-3.187800557674096,55.94465481333294,-3.1879031637170936
4,55.94465481333294,-3.1879031637170936,55.94493672111918,-3.188005769760091,agents.mile.crib
5,55.94493672111918,-3.188005769760091,55.945086721119175,-3.1882655773812267
6,55.945086721119175,-3.1882655773812267,55.94523672111917,-3.1885253850023623
7,55.94523672111917,-3.1885253850023623,55.94542955740208,-3.188755198335298,shady.soft.phones
8,55.94542955740208,-3.188755198335298,55.94571146518832,-3.1886525922923004
9,55.94571146518832,-3.1886525922923004,55.945993372974556,-3.1885499862493027,boost.radar.stress
10,55.945993372974556,-3.1885499862493027,55.945993372974556,-3.188849986249303
11,55.945993372974556,-3.188849986249303,55.945993372974556,-3.189149986249303
12,55.945993372974556,-3.189149986249303,55.94594127852125,-3.189445428575207,coherent.saints.stuck
13,55.94594127852125,-3.189445428575207,55.94564583619535,-3.189393334121907
14,55.94564583619535,-3.189393334121907,55.94535039386944,-3.189341239668607
15,55.94535039386944,-3.189341239668607,55.94505495154353,-3.189289145215307
16,55.94505495154353,-3.189289145215307,55.944759509217626,-3.189237050762007
17,55.944759509217626,-3.189237050762007,55.94446406689172,-3.189184956308707
18,55.94446406689172,-3.189184956308707,55.94416862456581,-3.189132861855407,spoon.invest.every
19,55.94416862456581,-3.189132861855407,55.943938811232876,-3.188940025572501,noted.friday.jams
20,55.943938811232876,-3.188940025572501,55.94365690344664,-3.1888374195295035
21,55.94365690344664,-3.1888374195295035,55.9433749956604,-3.188734813486506
22,55.9433749956604,-3.188734813486506,55.943115188039265,-3.188584813486506,groups.ideas.script
23,55.943115188039265,-3.188584813486506,55.94306309358596,-3.1888802558124096
24,55.94306309358596,-3.1888802558124096,55.94301099913266,-3.1891756981383135,region.passes.pencil
25,55.94301099913266,-3.1891756981383135,55.94286099913266,-3.189435505759449
26,55.94286099913266,-3.189435505759449,55.942913093585965,-3.189140063433545
27,55.942913093585965,-3.189140063433545,55.94296518803927,-3.1888446211076413
28,55.94296518803927,-3.1888446211076413,55.94301728249257,-3.1885491787817375
29,55.94301728249257,-3.1885491787817375,55.94291467644957,-3.188267270995502
30,55.94291467644957,-3.188267270995502,55.94301728249257,-3.187985363209266
31,55.94301728249257,-3.187985363209266,55.94311988853557,-3.1877034554230304
32,55.94311988853557,-3.1877034554230304,55.94322249457857,-3.1874215476367946
33,55.94322249457857,-3.1874215476367946,55.94337249457857,-3.187161740015659,scale.chair.kinds
34,55.94337249457857,-3.187161740015659,55.94309058679233,-3.1870591339726615
35,55.94309058679233,-3.1870591339726615,55.94279514446642,-3.1870070395193615,valve.elaborate.fortunate
36,55.94279514446642,-3.1870070395193615,55.942513236680185,-3.186904433476364,strut.river.surely
37,55.942513236680185,-3.186904433476364,55.942615842723185,-3.186622525690128
38,55.942615842723185,-3.186622525690128,55.94276584272318,-3.1863627180689926,under.retire.bump
39,55.94276584272318,-3.1863627180689926,55.94306128504909,-3.1863106236156926,hers.banks.goat
40,55.94306128504909,-3.1863106236156926,55.94306128504909,-3.1860106236156924
41,55.94306128504909,-3.1860106236156924,55.94306128504909,-3.1857106236156922,toned.deflection.bland
42,55.94306128504909,-3.1857106236156922,55.942831471716154,-3.1855177873327865,dent.shins.cycle
43,55.942831471716154,-3.1855177873327865,55.942883566169456,-3.1852223450068826
44,55.942883566169456,-3.1852223450068826,55.94293566062276,-3.1849269026809788,courier.assume.bill
45,55.94293566062276,-3.1849269026809788,55.94319546824389,-3.1847769026809787,brings.remedy.latter
46,55.94319546824389,-3.1847769026809787,55.94342528157683,-3.1849697389638845
47,55.94342528157683,-3.1849697389638845,55.94368508919796,-3.1851197389638846,hello.love.keys
48,55.94368508919796,-3.1851197389638846,55.94387792548087,-3.1853495522968203
49,55.94387792548087,-3.1853495522968203,55.94402792548087,-3.185609359917956,manliness.poem.cliff
50,55.94402792548087,-3.185609359917956,55.94402792548087,-3.185909359917956
51,55.94402792548087,-3.185909359917956,55.94402792548087,-3.186209359917956
52,55.94402792548087,-3.186209359917956,55.94402792548087,-3.1865093599179564
53,55.94402792548087,-3.1865093599179564,55.94402792548087,-3.1868093599179566
54,55.94402792548087,-3.1868093599179566,55.943975831027565,-3.1871048022438604,renew.ears.tend
55,55.943975831027565,-3.1871048022438604,55.94427583102757,-3.1871048022438604
56,55.94427583102757,-3.1871048022438604,55.94457583102757,-3.1871048022438604
57,55.94457583102757,-3.1871048022438604,55.94457583102757,-3.1874048022438606
58,55.94457583102757,-3.1874048022438606,55.94457583102757,-3.1877048022438608
59,55.94457583102757,-3.1877048022438608,55.94485773881381,-3.1878074082868584
60,55.94485773881381,-3.1878074082868584,55.94511754643494,-3.1879574082868585
61,55.94511754643494,-3.1879574082868585,55.94537735405608,-3.1881074082868586
62,55.94537735405608,-3.1881074082868586,55.94563716167721,-3.1879574082868585
63,55.94563716167721,-3.1879574082868585,55.94558506722391,-3.1876619659609546
64,55.94558506722391,-3.1876619659609546,55.94553297277061,-3.187366523635051
65,55.94553297277061,-3.187366523635051,55.94558506722391,-3.187071081309147
66,55.94558506722391,-3.187071081309147,55.94535525389097,-3.186878245026241,spent.spoon.bolt
67,55.94535525389097,-3.186878245026241,55.94550525389097,-3.1866184374051056
68,55.94550525389097,-3.1866184374051056,55.94565525389097,-3.18635862978397
69,55.94565525389097,-3.18635862978397,55.94580525389097,-3.1860988221628346
70,55.94580525389097,-3.1860988221628346,55.94599809017387,-3.185869008829899,renew.slows.basket
71,55.94599809017387,-3.185869008829899,55.94580525389097,-3.185639195496963
72,55.94580525389097,-3.185639195496963,55.94561241760806,-3.1854093821640275
73,55.94561241760806,-3.1854093821640275,55.945419581325154,-3.1851795688310918
74,55.945419581325154,-3.1851795688310918,55.94526958132516,-3.1849197612099562
75,55.94526958132516,-3.1849197612099562,55.94507674504225,-3.1846899478770205
76,55.94507674504225,-3.1846899478770205,55.94492674504225,-3.184430140255885,sports.topic.clocks
77,55.94492674504225,-3.184430140255885,55.94487465058895,-3.184725582581789
78,55.94487465058895,-3.184725582581789,55.94482255613565,-3.1850210249076927
79,55.94482255613565,-3.1850210249076927,55.944770461682346,-3.1853164672335965
80,55.944770461682346,-3.1853164672335965,55.944718367229044,-3.1856119095595004
81,55.944718367229044,-3.1856119095595004,55.94466627277574,-3.185907351885404
82,55.94466627277574,-3.185907351885404,55.94461417832244,-3.186202794211308
83,55.94461417832244,-3.186202794211308,55.944314178322436,-3.186202794211308
84,55.944314178322436,-3.186202794211308,55.9440543707013,-3.186352794211308
85,55.9440543707013,-3.186352794211308,55.9440543707013,-3.1866527942113083
86,55.9440543707013,-3.1866527942113083,55.944002276248,-3.186948236537212
87,55.944002276248,-3.186948236537212,55.944002276248,-3.1872482365372123
88,55.944002276248,-3.1872482365372123,55.944002276248,-3.1875482365372125
89,55.944002276248,-3.1875482365372125,55.944002276248,-3.1878482365372127
90,55.944002276248,-3.1878482365372127,55.944002276248,-3.188148236537213
91,55.944002276248,-3.188148236537213,55.944002276248,-3.188448236537213
92,55.944002276248,-3.188448236537213,55.944002276248,-3.1887482365372133
93,55.944002276248,-3.1887482365372133,55.9440543707013,-3.189043678863117
94,55.9440543707013,-3.189043678863117,55.9440543707013,-3.1893436788631173
95,55.9440543707013,-3.1893436788631173,55.9440543707013,-3.1896436788631175,cliff.asleep.wedge
96,55.9440543707013,-3.1896436788631175,55.943758928375395,-3.1896957733164175
97,55.943758928375395,-3.1896957733164175,55.94346348604949,-3.1897478677697175
98,55.94346348604949,-3.1897478677697175,55.94318157826325,-3.189850473812715
99,55.94318157826325,-3.189850473812715,55.94288613593734,-3.189902568266015,second.launch.miles
100,55.94288613593734,-3.189902568266015,55.94262632831621,-3.189752568266015,hooked.shine.third
101,55.94262632831621,-3.189752568266015,55.94272893435921,-3.1900344760522508
102,55.94272893435921,-3.1900344760522508,55.94283154040221,-3.1903163838384865
103,55.94283154040221,-3.1903163838384865,55.94293414644521,-3.190598291624722
104,55.94293414644521,-3.190598291624722,55.94298624089851,-3.190893733950626
105,55.94298624089851,-3.190893733950626,55.943088846941514,-3.1911756417368617,else.urban.museum
106,55.943088846941514,-3.1911756417368617,55.94338428926742,-3.1911235472835617
107,55.94338428926742,-3.1911235472835617,55.94368428926742,-3.1911235472835617,loaf.cheer.slave
108,55.94368428926742,-3.1911235472835617,55.943984289267426,-3.1911235472835617,hills.giant.crate
109,55.943984289267426,-3.1911235472835617,55.94427973159333,-3.1910714528302617,paying.crowd.weep
110,55.94427973159333,-3.1910714528302617,55.944579731593336,-3.1910714528302617,estate.gave.votes
111,55.944579731593336,-3.1910714528302617,55.944729731593334,-3.1913312604513973
112,55.944729731593334,-3.1913312604513973,55.944832337636335,-3.191613168237633
113,55.944832337636335,-3.191613168237633,55.94498233763633,-3.1918729758587685
114,55.94498233763633,-3.1918729758587685,55.94508494367933,-3.192154883645004,useful.hike.trades
115,55.94508494367933,-3.192154883645004,55.94503284922603,-3.1918594413191004
116,55.94503284922603,-3.1918594413191004,55.94498075477273,-3.1915639989931965
117,55.94498075477273,-3.1915639989931965,55.94492866031943,-3.1912685566672927
118,55.94492866031943,-3.1912685566672927,55.944876565866124,-3.190973114341389
119,55.944876565866124,-3.190973114341389,55.94482447141282,-3.190677672015485
120,55.94482447141282,-3.190677672015485,55.94477237695952,-3.190382229689581
121,55.94477237695952,-3.190382229689581,55.94472028250622,-3.1900867873636773
122,55.94472028250622,-3.1900867873636773,55.944668188052916,-3.1897913450377735
123,55.944668188052916,-3.1897913450377735,55.94461609359961,-3.1894959027118697
124,55.94461609359961,-3.1894959027118697,55.94456399914631,-3.189200460385966
125,55.94456399914631,-3.189200460385966,55.94451190469301,-3.188905018060062
126,55.94451190469301,-3.188905018060062,55.94445981023971,-3.188609575734158
127,55.94445981023971,-3.188609575734158,55.944407715786404,-3.1883141334082543
