1,55.944425,-3.188396,55.944143092213764,-3.1882933939570024,rush.crown.link
2,55.944143092213764,-3.1882933939570024,55.94388328459263,-3.1881433939570023,cubs.trucks.help
3,55.94388328459263,-3.1881433939570023,55.944113097925566,-3.1879505576740965
4,55.944113097925566,-3.1879505576740965,55.9443729055467,-3.1878005576740964,thank.salsa.brain
5,55.9443729055467,-3.1878005576740964,55.944425,-3.1875051153481926
6,55.944425,-3.1875051153481926,55.944527606043,-3.187223207561957,only.fairly.rift
7,55.944527606043,-3.187223207561957,55.944245698256765,-3.1871206015189593
8,55.944245698256765,-3.1871206015189593,55.94396379047053,-3.1870179954759617,renew.ears.tend
9,55.94396379047053,-3.1870179954759617,55.94373397713759,-3.1872108317588674,shut.stands.media
10,55.94373397713759,-3.1872108317588674,55.94343853481168,-3.1871587373055674
11,55.94343853481168,-3.1871587373055674,55.943143092485776,-3.1871066428522674
12,55.943143092485776,-3.1871066428522674,55.94286118469954,-3.18700403680927,strut.river.surely
13,55.94286118469954,-3.18700403680927,55.943090998032474,-3.186811200526364
14,55.943090998032474,-3.186811200526364,55.94337290581871,-3.1867085944833664
15,55.94337290581871,-3.1867085944833664,55.94356574210162,-3.1864787811504307
16,55.94356574210162,-3.1864787811504307,55.94371574210162,-3.186218973529295
17,55.94371574210162,-3.186218973529295,55.94390857838452,-3.1859891601963595,teams.mild.played
18,55.94390857838452,-3.1859891601963595,55.94419048617076,-3.186091766239357,organs.shape.fantastic
19,55.94419048617076,-3.186091766239357,55.94408788012776,-3.1858098584531214
20,55.94408788012776,-3.1858098584531214,55.94398527408476,-3.1855279506668857,manliness.poem.cliff
21,55.94398527408476,-3.1855279506668857,55.944245081705894,-3.1853779506668856
22,55.944245081705894,-3.1853779506668856,55.94452698949213,-3.185275344623888,acid.chair.butter
23,55.94452698949213,-3.185275344623888,55.94467698949213,-3.1850155370027524,slide.leads.stores
24,55.94467698949213,-3.1850155370027524,55.94490680282507,-3.1848227007198466
25,55.94490680282507,-3.1848227007198466,55.945136616158,-3.184629864436941
26,55.945136616158,-3.184629864436941,55.94536642949094,-3.184437028154035,settle.title.united
27,55.94536642949094,-3.184437028154035,55.94546903553394,-3.184718935940271
28,55.94546903553394,-3.184718935940271,55.94557164157694,-3.1850008437265065
29,55.94557164157694,-3.1850008437265065,55.94567424761994,-3.185282751512742
30,55.94567424761994,-3.185282751512742,55.94572634207324,-3.185578193838646,shed.desire.muddy
31,55.94572634207324,-3.185578193838646,55.94595615540618,-3.185771030121552,renew.slows.basket
32,55.94595615540618,-3.185771030121552,55.94585354936318,-3.1860529379077875
33,55.94585354936318,-3.1860529379077875,55.94575094332018,-3.1863348456940233,posts.kicked.universally
34,55.94575094332018,-3.1863348456940233,55.945491135699044,-3.1864848456940233
35,55.945491135699044,-3.1864848456940233,55.94526132236611,-3.186677681976929,dragon.bottle.crisp
36,55.94526132236611,-3.186677681976929,55.9449658800402,-3.186625587523629
37,55.9449658800402,-3.186625587523629,55.9446658800402,-3.186625587523629
38,55.9446658800402,-3.186625587523629,55.944815880040196,-3.1868853951447647
39,55.944815880040196,-3.1868853951447647,55.94455607241906,-3.1867353951447646
40,55.94455607241906,-3.1867353951447646,55.94465867846206,-3.1870173029310003
41,55.94465867846206,-3.1870173029310003,55.94460658400876,-3.187312745256904
42,55.94460658400876,-3.187312745256904,55.94455448955546,-3.187608187582808
43,55.94455448955546,-3.187608187582808,55.944747325838364,-3.1878380009157437
44,55.944747325838364,-3.1878380009157437,55.9450071334595,-3.1879880009157437
45,55.9450071334595,-3.1879880009157437,55.94526694108063,-3.188138000915744
46,55.94526694108063,-3.188138000915744,55.94549675441357,-3.1883308371986496,skills.less.herb
47,55.94549675441357,-3.1883308371986496,55.94559936045657,-3.1886127449848853
48,55.94559936045657,-3.1886127449848853,55.94570196649957,-3.188894652771121,stops.else.chats
49,55.94570196649957,-3.188894652771121,55.94540652417366,-3.188946747224421
50,55.94540652417366,-3.188946747224421,55.945111081847756,-3.188998841677721
51,55.945111081847756,-3.188998841677721,55.94481563952185,-3.189050936131021
52,55.94481563952185,-3.189050936131021,55.94452019719594,-3.189103030584321
53,55.94452019719594,-3.189103030584321,55.944224754870035,-3.189155125037621,spoon.invest.every
54,55.944224754870035,-3.189155125037621,55.94417266041673,-3.189450567363525
55,55.94417266041673,-3.189450567363525,55.94412056596343,-3.189746009689429,cliff.asleep.wedge
56,55.94412056596343,-3.189746009689429,55.943927729680524,-3.1899758230223645
57,55.943927729680524,-3.1899758230223645,55.94377772968053,-3.1902356306435,sculpture.shot.melon
58,55.94377772968053,-3.1902356306435,55.94354791634759,-3.190428466926406
59,55.94354791634759,-3.190428466926406,55.943288108726456,-3.190578466926406
60,55.943288108726456,-3.190578466926406,55.94305829539352,-3.1907713032093117,relate.chill.vest
61,55.94305829539352,-3.1907713032093117,55.94305829539352,-3.191071303209312,else.urban.museum
62,55.94305829539352,-3.191071303209312,55.94334020317976,-3.1911739092523095,meal.feed.large
63,55.94334020317976,-3.1911739092523095,55.943635645505665,-3.1911218147990095
64,55.943635645505665,-3.1911218147990095,55.94393564550567,-3.1911218147990095,spicy.bunch.shady
65,55.94393564550567,-3.1911218147990095,55.944231087831575,-3.1910697203457095
66,55.944231087831575,-3.1910697203457095,55.94453108783158,-3.1910697203457095,paying.crowd.weep
67,55.94453108783158,-3.1910697203457095,55.94483108783158,-3.1910697203457095
68,55.94483108783158,-3.1910697203457095,55.945131087831584,-3.1910697203457095
69,55.945131087831584,-3.1910697203457095,55.94542653015749,-3.1911218147990095
70,55.94542653015749,-3.1911218147990095,55.94572653015749,-3.1911218147990095
71,55.94572653015749,-3.1911218147990095,55.9460219724834,-3.1911739092523095,simple.rust.audio
72,55.9460219724834,-3.1911739092523095,55.9457219724834,-3.1911739092523095
73,55.9457219724834,-3.1911739092523095,55.945421972483395,-3.1911739092523095
74,55.945421972483395,-3.1911739092523095,55.94512197248339,-3.1911739092523095
75,55.94512197248339,-3.1911739092523095,55.94482197248339,-3.1911739092523095
76,55.94482197248339,-3.1911739092523095,55.944521972483386,-3.1911739092523095
77,55.944521972483386,-3.1911739092523095,55.94422197248338,-3.1911739092523095
78,55.94422197248338,-3.1911739092523095,55.94392197248338,-3.1911739092523095
79,55.94392197248338,-3.1911739092523095,55.94362197248338,-3.1911739092523095
80,55.94362197248338,-3.1911739092523095,55.943321972483375,-3.1911739092523095
81,55.943321972483375,-3.1911739092523095,55.94302197248337,-3.1911739092523095
82,55.94302197248337,-3.1911739092523095,55.94272197248337,-3.1911739092523095,along.spill.limp
83,55.94272197248337,-3.1911739092523095,55.94272197248337,-3.1908739092523093
84,55.94272197248337,-3.1908739092523093,55.94272197248337,-3.190573909252309
85,55.94272197248337,-3.190573909252309,55.94272197248337,-3.190273909252309
86,55.94272197248337,-3.190273909252309,55.94266987803007,-3.189978466926405
87,55.94266987803007,-3.189978466926405,55.94266987803007,-3.189678466926405,hooked.shine.third
88,55.94266987803007,-3.189678466926405,55.94296987803007,-3.189678466926405
89,55.94296987803007,-3.189678466926405,55.94307248407307,-3.189396559140169
90,55.94307248407307,-3.189396559140169,55.94317509011607,-3.1891146513539335
91,55.94317509011607,-3.1891146513539335,55.94332509011607,-3.188854843732798,system.speak.guard
92,55.94332509011607,-3.188854843732798,55.94313225383316,-3.1886250303998622,groups.ideas.script
93,55.94313225383316,-3.1886250303998622,55.94313225383316,-3.188325030399862
94,55.94313225383316,-3.188325030399862,55.94313225383316,-3.188025030399862
95,55.94313225383316,-3.188025030399862,55.943184348286465,-3.187729588073958
96,55.943184348286465,-3.187729588073958,55.943184348286465,-3.187429588073958
97,55.943184348286465,-3.187429588073958,55.94323644273977,-3.187134145748054
98,55.94323644273977,-3.187134145748054,55.94323644273977,-3.186834145748054
99,55.94323644273977,-3.186834145748054,55.9434662560727,-3.186641309465148
100,55.9434662560727,-3.186641309465148,55.9434662560727,-3.186341309465148
101,55.9434662560727,-3.186341309465148,55.9434662560727,-3.1860413094651476
102,55.9434662560727,-3.1860413094651476,55.9434662560727,-3.1857413094651474
103,55.9434662560727,-3.1857413094651474,55.9434662560727,-3.1854413094651473
104,55.9434662560727,-3.1854413094651473,55.9434662560727,-3.185141309465147,sentences.sings.modern
105,55.9434662560727,-3.185141309465147,55.943568862115704,-3.1854232172513828
106,55.943568862115704,-3.1854232172513828,55.943671468158705,-3.1857051250376185
107,55.943671468158705,-3.1857051250376185,55.943774074201706,-3.185987032823854
108,55.943774074201706,-3.185987032823854,55.943876680244706,-3.18626894061009
109,55.943876680244706,-3.18626894061009,55.94392877469801,-3.1865643829359938
110,55.94392877469801,-3.1865643829359938,55.94403138074101,-3.1868462907222295
111,55.94403138074101,-3.1868462907222295,55.94408347519431,-3.1871417330481333
112,55.94408347519431,-3.1871417330481333,55.94418608123731,-3.187423640834369
113,55.94418608123731,-3.187423640834369,55.944238175690614,-3.187719083160273
114,55.944238175690614,-3.187719083160273,55.944340781733615,-3.1880009909465086
115,55.944340781733615,-3.1880009909465086,55.94439287618692,-3.1882964332724124
