1,55.9444,-3.1878,55.944170186667066,-3.1876071637170944
2,55.944170186667066,-3.1876071637170944,55.9444,-3.1878,thank.salsa.brain
3,55.9444,-3.1878,55.9443479055467,-3.188095442325904
4,55.9443479055467,-3.188095442325904,55.9442958110934,-3.188390884651808,trades.rare.cable
5,55.9442958110934,-3.188390884651808,55.9441458110934,-3.1886506922729434
6,55.9441458110934,-3.1886506922729434,55.94395297481049,-3.188880505605879,noted.friday.jams
7,55.94395297481049,-3.188880505605879,55.943657532484586,-3.188828411152579,labels.hotels.alert
8,55.943657532484586,-3.188828411152579,55.943605438031284,-3.189123853478483
9,55.943605438031284,-3.189123853478483,55.94355334357798,-3.1894192958043868,cars.attend.hotels
10,55.94355334357798,-3.1894192958043868,55.94327143579174,-3.189316689761389
11,55.94327143579174,-3.189316689761389,55.942989528005505,-3.1892140837183915,region.passes.pencil
12,55.942989528005505,-3.1892140837183915,55.9429374335522,-3.1889186413924877
13,55.9429374335522,-3.1889186413924877,55.942989528005505,-3.188623199066584
14,55.942989528005505,-3.188623199066584,55.94318236428841,-3.188393385733648
15,55.94318236428841,-3.188393385733648,55.94337520057132,-3.1881635724007125
16,55.94337520057132,-3.1881635724007125,55.943525200571315,-3.187903764779577,scare.cubs.resort
17,55.943525200571315,-3.187903764779577,55.94357729502462,-3.187608322453673
18,55.94357729502462,-3.187608322453673,55.94362938947792,-3.1873128801277693,shut.stands.media
19,55.94362938947792,-3.1873128801277693,55.94334748169168,-3.1872102740847716,scale.chair.kinds
20,55.94334748169168,-3.1872102740847716,55.94357729502462,-3.187017437801866
21,55.94357729502462,-3.187017437801866,55.943770131307524,-3.18678762446893
22,55.943770131307524,-3.18678762446893,55.94399994464046,-3.1865947881860244,lime.learns.front
23,55.94399994464046,-3.1865947881860244,55.94394785018716,-3.1862993458601205
24,55.94394785018716,-3.1862993458601205,55.943895755733855,-3.1860039035342167,teams.mild.played
25,55.943895755733855,-3.1860039035342167,55.94363594811272,-3.1858539035342166,record.sofa.sock
26,55.94363594811272,-3.1858539035342166,55.94386576144566,-3.185661067251311,manliness.poem.cliff
27,55.94386576144566,-3.185661067251311,55.94416576144566,-3.185661067251311,atoms.vanish.foods
28,55.94416576144566,-3.185661067251311,55.943972925162754,-3.185431253918375
29,55.943972925162754,-3.185431253918375,55.94374311182982,-3.1852384176354693,hello.love.keys
30,55.94374311182982,-3.1852384176354693,55.94351329849688,-3.1850455813525635,sentences.sings.modern
31,55.94351329849688,-3.1850455813525635,55.94325349087575,-3.1848955813525635,brings.remedy.latter
32,55.94325349087575,-3.1848955813525635,55.94315088483275,-3.185177489138799
33,55.94315088483275,-3.185177489138799,55.943048278789746,-3.185459396925035
34,55.943048278789746,-3.185459396925035,55.942945672746745,-3.1857413047112706
35,55.942945672746745,-3.1857413047112706,55.942843066703745,-3.1860232124975063
36,55.942843066703745,-3.1860232124975063,55.94279097225044,-3.18631865482341,under.retire.bump
37,55.94279097225044,-3.18631865482341,55.943090972250445,-3.18631865482341
38,55.943090972250445,-3.18631865482341,55.94339097225045,-3.18631865482341
39,55.94339097225045,-3.18631865482341,55.94369097225045,-3.18631865482341
40,55.94369097225045,-3.18631865482341,55.943990972250454,-3.18631865482341
41,55.943990972250454,-3.18631865482341,55.944043066703756,-3.186614097149314
42,55.944043066703756,-3.186614097149314,55.944043066703756,-3.186914097149314
43,55.944043066703756,-3.186914097149314,55.94423590298666,-3.18714391048225
44,55.94423590298666,-3.18714391048225,55.944535902986665,-3.18714391048225
45,55.944535902986665,-3.18714391048225,55.94458799743997,-3.1874393528081537
46,55.94458799743997,-3.1874393528081537,55.944535902986665,-3.1877347951340576
47,55.944535902986665,-3.1877347951340576,55.9447957106078,-3.1878847951340576
48,55.9447957106078,-3.1878847951340576,55.945025523940735,-3.1880776314169634,agents.mile.crib
49,55.945025523940735,-3.1880776314169634,55.94528533156187,-3.1882276314169635
50,55.94528533156187,-3.1882276314169635,55.94556723934811,-3.188330237459961,skills.less.herb
51,55.94556723934811,-3.188330237459961,55.94541723934811,-3.1885900450810967
52,55.94541723934811,-3.1885900450810967,55.94526723934811,-3.188849852702232
53,55.94526723934811,-3.188849852702232,55.945117239348114,-3.1891096603233677,number.exist.rate
54,55.945117239348114,-3.1891096603233677,55.94539914713435,-3.1892122663663653
55,55.94539914713435,-3.1892122663663653,55.94568105492059,-3.189314872409363
56,55.94568105492059,-3.189314872409363,55.9459764972465,-3.189366966862663,coherent.saints.stuck
57,55.9459764972465,-3.189366966862663,55.9458738912035,-3.1896488746488987
58,55.9458738912035,-3.1896488746488987,55.9457712851605,-3.1899307824351344
59,55.9457712851605,-3.1899307824351344,55.9456212851605,-3.19019059005627
60,55.9456212851605,-3.19019059005627,55.9455186791175,-3.1904724978425056
61,55.9455186791175,-3.1904724978425056,55.9453686791175,-3.190732305463641
62,55.9453686791175,-3.190732305463641,55.9452660730745,-3.191014213249877,maple.limit.hotels
63,55.9452660730745,-3.191014213249877,55.94497063074859,-3.191066307703177
64,55.94497063074859,-3.191066307703177,55.94467063074859,-3.191066307703177,estate.gave.votes
65,55.94467063074859,-3.191066307703177,55.944440817415654,-3.190873471420271
66,55.944440817415654,-3.190873471420271,55.94421100408272,-3.1906806351373653
67,55.94421100408272,-3.1906806351373653,55.94401816779981,-3.1904508218044296,pump.wheels.hulk
68,55.94401816779981,-3.1904508218044296,55.94373626001357,-3.1905534278474272
69,55.94373626001357,-3.1905534278474272,55.943454352227334,-3.190656033890425
70,55.943454352227334,-3.190656033890425,55.94315890990143,-3.190708128343725,relate.chill.vest
71,55.94315890990143,-3.190708128343725,55.94296607361852,-3.1909379416766606
72,55.94296607361852,-3.1909379416766606,55.942773237335615,-3.1911677550095963,along.spill.limp
73,55.942773237335615,-3.1911677550095963,55.94272114288231,-3.1908723126836924
74,55.94272114288231,-3.1908723126836924,55.94272114288231,-3.1905723126836922
75,55.94272114288231,-3.1905723126836922,55.94272114288231,-3.190272312683692
76,55.94272114288231,-3.190272312683692,55.94266904842901,-3.189976870357788
77,55.94266904842901,-3.189976870357788,55.94266904842901,-3.189676870357788,hooked.shine.third
78,55.94266904842901,-3.189676870357788,55.94296904842901,-3.189676870357788
79,55.94296904842901,-3.189676870357788,55.94316188471192,-3.1894470570248523
80,55.94316188471192,-3.1894470570248523,55.943354720994826,-3.1892172436919166
81,55.943354720994826,-3.1892172436919166,55.94354755727773,-3.188987430358981
82,55.94354755727773,-3.188987430358981,55.94374039356064,-3.188757617026045
83,55.94374039356064,-3.188757617026045,55.943890393560636,-3.1884978094049097
84,55.943890393560636,-3.1884978094049097,55.94408322984354,-3.188267996071974
85,55.94408322984354,-3.188267996071974,55.94423322984354,-3.1880081884508384
86,55.94423322984354,-3.1880081884508384,55.94442606612645,-3.1877783751179027
87,55.94442606612645,-3.1877783751179027,55.944576066126444,-3.187518567496767
88,55.944576066126444,-3.187518567496767,55.944576066126444,-3.1878185674967674
89,55.944576066126444,-3.1878185674967674,55.94487606612645,-3.1878185674967674
90,55.94487606612645,-3.1878185674967674,55.94513587374758,-3.1879685674967675
91,55.94513587374758,-3.1879685674967675,55.945395681368716,-3.1881185674967676
92,55.945395681368716,-3.1881185674967676,55.94554568136871,-3.187858759875632
93,55.94554568136871,-3.187858759875632,55.94549358691541,-3.187563317549728
94,55.94549358691541,-3.187563317549728,55.94554568136871,-3.1872678752238244
95,55.94554568136871,-3.1872678752238244,55.945597775822016,-3.1869724328979205
96,55.945597775822016,-3.1869724328979205,55.94533796820088,-3.1868224328979204,dragon.bottle.crisp
97,55.94533796820088,-3.1868224328979204,55.94507816057975,-3.1866724328979203
98,55.94507816057975,-3.1866724328979203,55.94481835295861,-3.1865224328979203
99,55.94481835295861,-3.1865224328979203,55.94458853962568,-3.1863295966150145,rated.fired.crowds
100,55.94458853962568,-3.1863295966150145,55.94484834724681,-3.1861795966150144
101,55.94484834724681,-3.1861795966150144,55.945108154867945,-3.1860295966150143
102,55.945108154867945,-3.1860295966150143,55.94536796248908,-3.185879596615014
103,55.94536796248908,-3.185879596615014,55.945627770110214,-3.185729596615014,shed.desire.muddy
104,55.945627770110214,-3.185729596615014,55.945730376153215,-3.1854476888287784
105,55.945730376153215,-3.1854476888287784,55.945832982196215,-3.1851657810425427,rider.aura.bulb
106,55.945832982196215,-3.1851657810425427,55.94560316886328,-3.184972944759637
107,55.94560316886328,-3.184972944759637,55.94537335553034,-3.184780108476731
108,55.94537335553034,-3.184780108476731,55.94514354219741,-3.1845872721938253
109,55.94514354219741,-3.1845872721938253,55.94488373457627,-3.184437272193825,sports.topic.clocks
110,55.94488373457627,-3.184437272193825,55.94483164012297,-3.184732714519729
111,55.94483164012297,-3.184732714519729,55.94477954566967,-3.185028156845633
112,55.94477954566967,-3.185028156845633,55.944727451216366,-3.1853235991715367
113,55.944727451216366,-3.1853235991715367,55.944675356763064,-3.1856190414974406
114,55.944675356763064,-3.1856190414974406,55.94462326230976,-3.1859144838233444
115,55.94462326230976,-3.1859144838233444,55.94457116785646,-3.1862099261492483
116,55.94457116785646,-3.1862099261492483,55.944271167856456,-3.1862099261492483
117,55.944271167856456,-3.1862099261492483,55.94404135452352,-3.186402762432154
118,55.94404135452352,-3.186402762432154,55.94404135452352,-3.1867027624321542
119,55.94404135452352,-3.1867027624321542,55.94404135452352,-3.1870027624321544
120,55.94404135452352,-3.1870027624321544,55.94414396056652,-3.18728467021839
121,55.94414396056652,-3.18728467021839,55.94429396056652,-3.1875444778395257
122,55.94429396056652,-3.1875444778395257,55.94439656660952,-3.1878263856257614
